1 16 15083 15076 15068 15062 15063 15075 15085 13591 15114 15066 15069 15071 15082 2290 15095 15090 
1 5 15101 15096 13621 2290 15098 
1 9 11059 11063 8962 11075 11076 11067 11065 11068 11003 
1 8 11009 11010 11013 11011 11015 11019 11021 11027 
1 6 11017 11016 11023 11014 10812 11010 
1 2 11013 10812 
1 5 11017 10811 11030 11042 10814 
1 2 10811 11023 
1 4 11042 11044 11039 11034 
1 5 11039 11047 11048 11052 10814 
1 2 11034 11033 
1 8 11003 11070 10815 11055 11050 11049 11041 11034 
1 7 11296 11268 11259 11236 11238 11233 11237 
1 2 11233 11249 
1 4 11193 11197 10820 11236 
1 11 11233 11213 11195 11171 11153 11138 11129 11109 11108 11092 11003 
1 2 11296 11321 
1 5 11148 11143 11122 11106 11074 
1 8 11218 11256 11244 11261 11264 11289 11298 11321 
1 5 11148 11156 11173 11196 11190 
1 4 9488 9496 9495 9528 
1 7 9488 9490 9478 8970 9479 9481 9497 
1 3 9472 9487 9488 
1 2 9488 9472 
1 3 9518 225 9522 
1 2 225 9517 
1 7 9517 9514 9511 9516 9510 9507 9504 
1 6 9516 9515 9521 9520 9523 225 
1 4 11825 11824 11827 11826 
1 3 11827 11820 11815 
1 4 11815 11816 11822 11827 
1 3 11929 11934 11944 
1 7 11801 11796 11918 11917 11921 11927 11928 
1 3 11781 11776 824 
1 2 11920 11926 
1 2 11989 10856 
1 2 11989 11988 
1 2 11989 10858 
1 2 11938 10865 
1 6 10865 11947 11958 11959 11969 11968 
1 2 10868 11951 
1 6 11968 11966 11957 11955 11956 11944 
1 2 11975 11974 
1 2 11913 10860 
1 3 10860 11904 11899 
1 3 11872 11883 10853 
1 3 10853 11887 11872 
1 5 11872 11878 11866 11873 11855 
1 2 11866 11849 
1 6 11849 11850 11859 11858 11869 11872 
1 3 11865 11845 11846 
1 3 11845 11842 11835 
1 2 11842 11841 
1 2 11842 11843 
1 2 11843 11853 
1 5 11760 823 11767 11766 10861 
1 3 11766 11772 11778 
1 6 11768 11777 11771 11775 11774 11772 
1 3 11775 11780 11777 
1 2 11786 11780 
1 2 11788 11780 
1 2 11786 11788 
1 2 11786 11798 
1 2 11788 11800 
1 2 11800 11798 
1 2 9434 9431 
1 5 9434 9420 9415 9401 9387 
1 2 9393 9415 
1 6 9556 9551 9543 9541 9535 9528 
1 10 9556 9563 9568 9572 9577 9574 9582 9585 9584 9600 
1 2 9600 6829 
1 4 9600 9605 9611 9883 
1 8 9619 1795 9614 9659 9609 9610 9602 9600 
1 2 9615 9609 
1 3 11449 9619 9620 
1 6 9535 9536 9532 9537 9542 9546 
1 7 9551 9565 9580 9583 9576 9566 106 
1 4 9578 106 9550 9546 
1 2 9578 9566 
1 2 9590 9576 
1 6 9555 9554 9558 9557 9552 9556 
1 7 9602 9589 168 9567 9564 9560 9555 
1 10 9619 11449 11442 11459 11463 11458 11450 11454 11448 11429 
1 2 11423 11449 
1 9 11435 11453 11468 6828 11465 10888 11477 11466 11458 
1 5 11477 11485 11489 11498 10889 
1 2 11986 11326 
1 6 11364 11356 11345 11338 11334 11327 
1 8 11386 11732 11415 11418 11402 10884 11411 11429 
1 7 11392 11402 10880 11387 11385 11380 11375 
1 6 11375 10878 11364 11368 11379 11387 
1 2 11418 11435 
1 4 11501 11447 11456 11446 
1 8 11447 11444 11457 11483 11001 11500 167 11490 
1 2 11490 11001 
1 2 11490 7498 
1 4 7498 11488 11470 11447 
1 2 11002 11488 
1 2 11488 11483 
1 2 11499 11488 
1 2 11499 4520 
1 2 7498 1881 
1 2 1881 4520 
1 2 1881 11508 
1 2 4520 11508 
1 2 11494 11499 
1 2 11502 11499 
1 2 11502 11494 
1 3 11440 11421 11731 
1 2 11421 11434 
1 2 11440 11434 
1 2 11434 11436 
1 6 11436 11407 10882 11397 11370 11393 
1 4 11370 11384 11403 11501 
1 3 11384 11398 11386 
1 2 11362 11358 
1 5 164 11363 11353 11354 11358 
1 4 11353 5178 5193 11393 
1 2 11386 164 
1 2 11417 10882 
1 2 11417 11412 
1 2 11452 11431 
1 2 11352 11341 
1 2 10877 11341 
1 2 11400 11377 
1 2 11377 11427 
1 2 11377 11394 
1 2 11452 11445 
1 2 11445 11431 
1 2 11505 11512 
1 5 11505 11492 11735 11734 11436 
1 2 11523 11516 
1 2 11523 11514 
1 2 11514 11509 
1 2 11514 10892 
1 2 11516 11512 
1 5 11516 11478 11738 11460 11461 
1 3 11484 11531 11524 
1 2 11484 11460 
1 2 11534 11528 
1 2 11601 11594 
1 2 11594 11609 
1 6 11594 11582 11584 11587 11576 11578 
1 6 11461 11544 11555 11560 11566 11578 
1 4 11546 11548 11543 11544 
1 9 11578 11579 11573 11580 11588 11604 11614 11624 11744 
1 3 2366 11574 11592 
1 2 11574 11575 
1 2 11592 11586 
1 2 11592 11612 
1 3 11645 11638 2118 
1 3 11638 11635 11744 
1 6 10911 11627 11621 11616 11599 11587 
1 6 11627 11641 11642 11630 11619 11742 
1 5 11674 11673 11665 223 11649 
1 6 11673 11680 11676 11675 11686 9318 
1 2 11702 11695 
1 2 11702 11689 
1 7 12111 11729 11725 11718 11713 11706 11696 
1 4 11674 11677 11682 11696 
1 2 11677 10916 
1 2 11682 11677 
1 2 11682 11677 
1 2 10916 11668 
1 6 11707 11698 11690 11681 11687 11682 
1 5 11656 11647 11639 11640 11637 
1 3 11668 11661 11656 
1 4 11656 11650 11654 223 
1 3 11700 11692 11676 
1 7 11726 11727 11724 11722 11717 11720 11718 
1 5 11748 11751 10918 11643 11704 
1 7 11744 10913 11743 11637 11657 11664 11681 
1 3 11559 11739 11547 
1 3 12149 12148 12010 
1 4 12149 12153 12154 12158 
1 3 12153 12155 12156 
1 2 12010 12153 
1 4 12011 12124 12861 12111 
1 3 12011 12118 12156 
1 3 12372 12347 12315 
1 3 12347 12357 12390 
1 4 12357 12373 12353 12337 
1 3 12315 12285 12016 
1 2 12318 12286 
1 2 10140 10132 
1 2 10140 10129 
1 2 10129 10123 
1 2 10089 10111 
1 2 10089 10093 
1 2 9694 10125 
1 2 10077 10125 
1 2 10077 9694 
1 3 10125 10050 10132 
1 2 10043 10050 
1 2 10043 10111 
1 2 10111 10123 
1 2 10043 10106 
1 2 10106 10105 
1 2 10105 10125 
1 2 10106 10125 
1 2 10106 10093 
1 5 10160 10147 10145 9703 10050 
1 5 9997 10376 10377 10002 10017 
1 2 10377 9986 
1 2 9964 9968 
1 8 9964 9949 9948 9963 9974 9685 9684 10376 
1 2 10105 9693 
1 6 9693 10083 10073 10052 10031 10017 
1 6 9991 9969 9981 9984 9977 9986 
1 4 9987 9666 9989 9991 
1 2 9040 9919 
1 5 9892 9898 9909 9914 9921 
1 2 9892 9883 
1 2 9955 9939 
1 4 9939 9944 9956 9962 
1 5 9961 9954 9943 9941 9663 
1 4 9941 9935 9924 9921 
1 2 9921 9925 
1 5 9921 9922 9929 9936 9944 
1 3 9922 9923 9919 
1 3 9983 9975 9962 
1 2 9961 9962 
1 2 9987 9983 
1 3 8973 9579 9580 
1 4 8988 8985 8974 8973 
1 4 9001 8997 8995 8988 
1 6 8995 9005 9012 9007 9018 8638 
1 4 9040 9042 9035 8638 
1 6 10001 9993 9992 10006 10011 10378 
1 3 10022 10021 10006 
1 6 10378 10041 10057 10049 10039 10025 
1 2 10049 10056 
1 4 9114 9121 9118 9109 
1 2 9134 9121 
1 3 9121 9130 9118 
1 8 9141 9138 9131 9133 9132 9119 9105 9093 
1 4 9099 9091 9088 9080 
1 3 9066 9072 9080 
1 4 8882 9053 9065 9072 
1 2 9089 9082 
1 7 9311 9067 9078 9086 9090 9093 9099 
1 4 9311 9064 9054 9042 
1 3 9082 9075 9067 
1 4 9034 9037 9036 9033 
1 3 9034 9026 76 
1 5 9033 9032 9039 9046 9042 
1 3 9044 9036 9025 
1 2 9052 9044 
1 4 9005 9015 9016 9025 
1 4 8877 8881 8883 8882 
1 2 8881 8882 
1 3 8882 8878 8881 
1 2 8883 528 
1 2 8882 8879 
1 10 10195 10194 10185 10387 10157 234 9700 9702 9701 9704 
1 3 10164 10175 10194 
1 3 10194 10206 10218 
1 4 10115 10133 10153 10164 
1 3 10198 10181 10184 
1 4 10139 10174 10181 10188 
1 7 10235 10257 10286 10308 10327 10358 10365 
1 3 10327 10328 10326 
1 2 10235 1129 
1 6 10273 10291 10303 10316 10331 10349 
1 3 9640 9642 9641 
1 4 9633 9635 9636 9641 
1 8 9636 9643 9712 1056 9737 9743 9747 10273 
1 3 9743 9740 1075 
1 7 1129 10234 10241 10244 10247 9841 1075 
1 2 9629 9660 
1 2 10068 10082 
1 3 10092 165 10058 
1 2 10062 165 
1 5 10092 10104 9697 9698 9702 
1 2 9702 234 
1 2 10291 10277 
1 2 10295 10291 
1 2 10307 10303 
1 2 10307 10323 
1 5 10307 10293 10309 1135 10342 
1 2 10324 10309 
1 8 1134 10360 10369 10368 240 10364 10363 10349 
1 5 10363 9755 9756 9757 9764 
1 3 9764 9758 9757 
1 3 9758 9760 9767 
1 7 10372 10373 9759 9763 1138 9761 9760 
1 2 9761 9767 
1 4 9775 9778 9772 9767 
1 4 1142 9769 9774 1144 
1 2 1144 9767 
1 2 1144 9772 
1 3 1142 9765 9757 
1 2 9764 9765 
1 4 1142 9776 9773 9777 
1 3 9782 9785 9773 
1 2 9788 9785 
1 3 9785 9790 9792 
1 4 9778 1122 9780 1142 
1 3 10320 10322 8709 
1 5 10280 10264 10250 10233 10218 
1 4 10318 10310 10288 10280 
1 3 10310 10333 12838 
1 2 10087 10115 
1 4 10087 10080 10048 10019 
1 3 10019 10004 9983 
1 7 10195 10200 10199 10197 9671 10178 10184 
1 2 10201 10197 
1 6 10235 10231 10227 10229 9676 10233 
1 2 1548 12083 
1 2 10173 10192 
1 2 10173 10169 
1 8 12157 12122 12116 12152 12125 12167 12169 12158 
1 4 12099 12103 12109 12116 
1 4 12107 12108 12112 12113 
1 3 12107 12100 12099 
1 3 12099 12093 12090 
1 2 1548 12093 
1 4 10188 12079 8686 10198 
1 2 10198 10184 
1 3 12084 12081 12079 
1 4 12090 12091 12094 12084 
1 2 12007 12093 
1 2 12098 12090 
1 4 10184 10163 10143 10121 
1 3 10084 10101 10121 
1 3 1877 10040 10019 
1 3 1877 10094 10101 
1 4 10056 10055 10033 10048 
1 4 12175 12166 12159 12155 
1 4 12166 12160 12163 12175 
1 2 12163 12169 
1 7 12184 12180 12181 12192 12187 12194 12211 
1 4 12167 12176 12190 12211 
1 6 12015 12263 12248 12224 12215 12211 
1 2 12248 12277 
1 2 12234 12015 
1 3 12183 12165 12125 
1 4 12211 12225 12217 12201 
1 3 12183 12188 12201 
1 4 12184 12131 12121 12011 
1 3 12235 12259 12238 
1 4 12238 12221 12202 12191 
1 4 12837 12182 12185 12191 
1 4 12182 12012 5229 12188 
1 3 12249 12250 12229 
1 5 12255 12032 12237 12243 12230 
1 3 12243 12256 12276 
1 2 12268 12251 
1 2 12268 12276 
1 4 12251 12314 12296 12284 
1 7 1779 12236 12244 12267 12261 272 12838 
1 4 12838 12216 12227 12839 
1 3 12839 12258 12284 
1 3 12284 12272 12261 
1 11 12314 12350 12389 12388 12412 12426 12432 12448 12440 3960 4853 
1 2 12392 1529 
1 3 12412 12423 12439 
1 2 12042 12412 
1 4 12426 12451 12453 12432 
1 4 387 5343 3965 3960 
1 4 12341 12312 12295 12272 
1 5 12312 12328 12340 12322 12323 
1 5 12323 12294 12266 12267 12244 
1 2 12323 12370 
1 2 12349 12323 
1 5 12387 1774 12378 12367 12349 
1 8 12387 12369 281 12355 12381 12407 12429 12442 
1 6 12442 12433 12441 12474 12045 12503 
1 8 12483 12496 1552 12507 12518 12513 12514 12503 
1 5 12549 12540 12531 12520 12507 
1 7 12531 12537 12535 12533 12528 12523 12514 
1 3 12537 12543 12552 
1 6 12528 12539 12546 12555 12553 12552 
1 3 12414 12039 12441 
1 4 12428 12435 12447 12441 
1 2 12280 12259 
1 3 12280 12289 12309 
1 3 12309 12348 12355 
1 3 12038 12327 12354 
1 4 12433 12399 12368 12038 
1 6 281 12343 12316 12035 12290 12289 
1 4 12319 12313 12310 12316 
1 4 1774 12360 12333 12319 
1 3 12444 12411 12378 
1 4 281 12416 12443 12438 
1 10 12492 12501 12047 12512 12506 12500 12486 12471 12459 12433 
1 4 14889 14898 12023 14880 
1 2 14889 14880 
1 2 14898 14880 
1 7 12761 12767 12759 12774 12794 12807 12814 
1 2 11997 12732 
1 2 11997 12728 
1 4 12732 12743 12770 12769 
1 3 12770 12002 12775 
1 2 12749 12743 
1 2 12749 11999 
1 2 11999 12743 
1 2 12743 12735 
1 2 12735 11999 
1 2 12246 1882 
1 5 12231 12240 12252 12283 12286 
1 5 12240 12223 12199 12134 12131 
1 2 12853 12852 
1 5 12853 12845 12565 12560 12553 
1 3 12853 12858 12556 
1 2 12684 12664 
1 4 12671 12665 12663 12664 
1 3 12671 12075 12675 
1 3 12676 12680 12690 
1 2 12676 12675 
1 5 12075 12689 373 12699 6840 
1 2 12702 12699 
1 2 12702 6840 
1 3 12695 12688 12681 
1 2 12077 12688 
1 2 12688 12673 
1 2 12672 12673 
1 3 12664 12662 12654 
1 3 12623 12616 12614 
1 2 12616 12613 
1 4 12600 12569 12593 12556 
1 4 12613 12579 12570 12600 
1 4 12613 12621 12627 12071 
1 3 12654 12644 12071 
1 4 12787 12797 12026 12789 
1 2 12786 12770 
1 2 12786 12787 
1 2 12785 12769 
1 2 12770 12769 
1 2 12769 11997 
1 2 12764 12769 
1 2 12789 12785 
1 3 12775 12772 12781 
1 2 12781 12784 
1 2 12784 12772 
1 2 12820 12831 
1 4 12784 12795 12808 12820 
1 6 12781 12790 12791 12776 12766 12763 
1 2 12792 12790 
1 2 12761 12763 
1 2 12761 12739 
1 4 12740 12754 12760 12774 
1 2 12707 12705 
1 2 12705 682 
1 3 12910 12903 12558 
1 5 12926 12935 12930 12933 12939 
1 5 12933 12920 12917 12914 12558 
1 2 12985 12992 
1 2 12985 12977 
1 2 12977 12992 
1 9 12992 12597 13014 13025 13044 13054 13070 13060 13049 
1 4 12611 13051 13056 13025 
1 3 12611 13013 12597 
1 5 12977 12967 12960 12950 12939 
1 6 13049 13061 12624 13031 13020 13006 
1 5 12624 13082 13102 12650 13092 
1 5 13151 13139 13128 13117 12650 
1 2 380 13151 
1 6 13151 13160 12698 13171 13140 13131 
1 4 13140 12701 13164 13171 
1 6 13153 13147 13190 13145 13149 380 
1 2 13153 13152 
1 2 13158 13153 
1 2 12687 13153 
1 4 12634 13098 13077 13060 
1 4 12420 12382 12037 12323 
1 2 12370 12037 
1 2 12406 12382 
1 2 12406 12420 
1 3 12869 1540 12048 
1 5 12420 12450 12466 12485 12048 
1 3 12475 12488 12048 
1 5 12420 12430 12408 12431 12041 
1 5 12236 12253 12273 12304 12294 
1 4 12945 13619 13633 13629 
1 2 13606 12945 
1 3 13606 13612 13633 
1 2 13655 13645 
1 2 13655 13669 
1 2 13637 13634 
1 3 13647 13648 13649 
1 4 13647 13620 13602 13595 
1 5 13620 13635 13643 13657 13664 
1 5 13638 13641 13642 13652 13664 
1 2 13653 13638 
1 3 13664 13667 13674 
1 4 13674 13670 13658 13653 
1 15 13664 13682 13688 13697 13705 13714 13716 13717 13713 13704 13698 13050 13696 13689 13679 
1 3 13679 13691 13698 
1 3 13679 13665 13647 
1 4 10359 13108 13720 13716 
1 2 13581 13575 
1 6 13601 13605 12940 13607 13614 13620 
1 3 12940 13599 13593 
1 3 13674 13681 13682 
1 3 10224 9679 10359 
1 3 10224 11376 11462 
1 3 11405 2994 11521 
1 2 11405 11462 
1 2 11521 11462 
1 4 11521 11536 11749 3484 
1 4 11281 11161 10836 2994 
1 10 10836 11022 15125 585 15124 15123 15118 11422 10883 5852 
1 2 10883 15118 
1 3 3457 15131 15129 
1 2 11519 5415 
1 3 4193 13184 13185 
1 2 11281 11292 
1 2 2980 11292 
1 4 12534 12894 12551 12903 
1 2 12897 12551 
1 6 12534 12885 12881 12879 12874 12869 
1 2 12883 12879 
1 2 12887 12879 
1 8 13577 15054 15060 284 13589 15077 15084 15090 
1 4 15084 15081 15074 13576 
1 5 13576 15053 13583 15057 13589 
1 3 15067 15059 13576 
1 7 15059 15055 15044 15025 13569 15107 15111 
1 2 15111 14973 
1 4 13001 13170 13567 13173 
1 4 13193 13047 14989 13001 
1 6 14989 2474 12937 14990 13162 13193 
1 3 12929 12580 12923 
1 4 1055 3599 10332 12923 
1 3 12580 12922 14990 
1 2 14915 2472 
1 4 14915 14923 13133 13173 
1 3 14923 14937 14950 
1 3 14964 14953 14937 
1 3 12949 12919 12929 
1 5 12983 12973 12966 12955 12949 
1 4 12983 13005 13021 13048 
1 3 13081 13066 13048 
1 2 13090 13096 
1 2 13105 13096 
1 2 13105 13090 
1 6 13066 13084 13089 12620 13111 13188 
1 2 13188 12620 
1 4 13043 12632 13182 13188 
1 2 12617 13043 
1 5 13037 13055 13069 13074 13043 
1 5 13092 13073 13036 13041 13037 
1 4 13120 13116 13121 13111 
1 4 13121 13135 343 13155 
1 2 9792 2873 
1 2 14887 14875 
1 2 14887 14896 
1 5 14892 14882 2110 1644 2732 
1 4 2732 2897 2884 2873 
1 3 4163 1886 2873 
1 3 4163 3428 2873 
1 2 3428 2897 
1 5 2732 2765 2551 5641 4173 
1 4 4173 12052 14849 14847 
1 3 14839 14842 14847 
1 2 14835 14832 
1 3 14826 14832 14837 
1 2 14843 14841 
1 2 14837 14843 
1 10 15011 14979 14968 14947 14936 14933 14921 14910 14893 14892 
1 6 15011 15024 15008 15030 15031 15027 
1 2 14919 12061 
1 4 14887 14874 14883 14882 
1 3 14874 14868 2110 
1 3 387 3035 4163 
1 7 12879 12516 12868 12863 12865 12870 12868 
1 2 12875 12870 
1 2 12875 12516 
1 4 9025 9017 9020 9022 
1 7 9089 8642 9085 9071 9062 9049 9040 
1 2 9089 9097 
1 2 9964 9953 
1 3 9965 9959 9665 
1 3 9965 9951 9940 
1 2 9665 9940 
1 2 9959 9951 
1 9 9873 1790 9878 9880 9881 9884 9891 9885 9883 
1 4 9885 9882 9879 9877 
1 2 9881 9877 
1 5 9880 9876 9875 9874 9873 
1 2 1790 9874 
1 3 11358 11367 10879 
1 2 9764 9767 
1 2 9758 9755 
1 2 9756 10364 
1 2 1120 9628 
1 2 9624 1116 
1 2 9622 1118 
1 2 14934 15106 
1 16 13001 15003 15000 14985 15002 15005 15017 15020 13570 14993 14984 14972 14983 15004 14992 15111 
1 5 8153 8126 8142 8140 8145 
1 5 8143 8208 8210 8233 8226 
1 2 8154 8155 
1 4 8155 8227 766 8226 
1 3 8227 8220 8232 
1 3 8208 8206 8203 
1 2 8212 8208 
1 2 8229 9002 
1 3 8229 8218 8210 
1 2 14935 14946 
1 2 14935 14929 
1 2 13125 13121 
1 2 11598 11576 
1 2 10071 165 
1 2 10092 10100 
1 2 10092 10097 
1 4 2110 14860 14859 3035 
1 2 12552 12560 
1 3 12044 12470 12440 
1 4 12350 12363 12393 12431 
1 3 12340 12356 12382 
1 2 12266 12244 
1 4 12254 12275 12257 12241 
1 2 12349 12334 
1 7 12268 12326 12346 12384 1529 12424 12432 
1 2 12371 12384 
1 2 12324 12346 
1 2 12352 12346 
1 2 12310 12291 
1 5 12917 12916 12913 12911 12915 
1 2 3967 3965 
1 3 12989 2289 13005 
1 2 380 13160 
1 2 12785 12788 
1 2 12789 12799 
1 2 10139 10143 
1 6 9899 9888 9895 9886 9887 9883 
1 4 9887 9896 9525 9899 
1 3 9899 9895 9896 
1 4 8330 8333 8331 8332 
1 5 8328 8333 8322 8321 8327 
1 4 8331 8328 8122 8327 
1 2 8328 8332 
1 2 8326 8328 
1 5 8292 8256 8253 8270 8260 
1 4 8261 8275 8303 8270 
1 3 8292 8276 8317 
1 4 8274 8280 8289 8282 
1 4 8282 8299 8118 8261 
1 6 8274 8309 8297 8313 8266 8305 
1 2 8313 8327 
1 4 8274 8293 8295 8316 
1 3 8313 8319 8316 
1 3 8261 8264 8305 
1 3 8299 8285 8295 
1 3 8292 8279 8276 
1 3 8276 8288 8256 
1 2 8317 8266 
1 5 7381 7384 7385 7393 7394 
1 3 781 778 783 
1 3 8318 8307 8259 
1 4 8318 8306 8296 8299 
1 4 8289 8120 8257 8259 
1 4 8306 8315 8304 8257 
1 2 8318 8315 
1 4 8316 8263 8273 8264 
1 2 13562 13559 
1 3 2131 1952 2971 
1 3 3322 2140 2135 
1 5 2131 2974 2129 1953 2140 
1 10 5258 2123 2972 2971 2970 2127 2134 3322 2141 2130 
1 7 2135 3361 307 3326 3330 3346 3345 
1 4 5282 5277 3329 3330 
1 3 307 1723 2730 
1 7 3345 3353 3362 3370 3369 341 3383 
1 2 3369 3380 
1 6 3362 3360 139 3372 6956 3352 
1 12 7445 4278 4117 4229 4201 4192 4127 4095 3390 3389 3381 341 
1 3 4259 4688 4229 
1 3 4109 4125 7445 
1 2 4164 4278 
1 8 4386 4371 2958 4354 4353 4324 4286 4259 
1 11 4259 4358 4222 4390 4209 4247 4296 4323 4386 4347 704 
1 6 4247 4221 4291 4283 4303 4290 
1 7 4221 4239 4228 4191 4172 4140 6957 
1 2 4239 4283 
1 8 4229 4202 4177 4186 4166 5401 3403 3413 
1 3 4166 7446 691 
1 9 4177 4230 4310 5369 4240 5358 705 4398 4355 
1 4 4326 4336 5376 5358 
1 16 3413 7450 3426 7452 3411 3405 3409 3417 3429 3432 3435 3425 3433 5783 3415 5818 
1 2 3411 3420 
1 3 3417 3446 3443 
1 13 3472 3474 3468 7453 3465 3470 3466 3463 3459 3453 3450 3449 3446 
1 15 5818 7455 4148 4135 4128 4129 4167 4162 4157 4223 4158 4150 4153 4182 732 
1 4 4167 724 4099 4089 
1 2 732 4315 
1 11 647 4106 4108 4101 4131 4122 4151 4113 5803 4198 4150 
1 14 732 4287 4313 4395 5843 4340 4366 4368 4361 5868 4369 4408 591 4431 
1 11 3473 5785 4364 4351 4373 733 4374 4380 4378 4404 4408 
1 4 1811 1815 1819 1820 
1 10 5258 1794 1948 1930 1932 1807 1808 1809 1806 1811 
1 3 1785 1800 1806 
1 6 1748 1791 1801 1771 1810 1811 
1 5 1801 706 1931 1935 1937 
1 3 1937 1933 706 
1 7 1791 1770 1784 1746 1741 1736 1739 
1 3 1567 1634 1708 
1 11 1567 362 5198 2982 2977 2981 7488 4299 7472 1903 1850 
1 2 13450 264 
1 7 13450 8467 13474 8539 8447 6890 7847 
1 8 8550 15612 50 7843 8556 8566 15603 7861 
1 6 452 8379 6883 8362 15945 8396 
1 6 8396 8455 8505 8504 10949 15943 
1 4 8505 15940 8433 15943 
1 3 15940 8531 8439 
1 4 8439 8558 8503 6883 
1 4 6883 8357 8545 8156 
1 4 8545 8548 8543 15937 
1 3 8543 15938 8506 
1 4 8543 8364 8454 8396 
1 4 452 15952 8335 8379 
1 4 452 8350 8375 8379 
1 5 718 13295 13239 15954 13238 
1 9 13521 13511 13473 10931 13375 13444 13434 13316 718 
1 2 13465 13495 
1 4 13233 13389 13321 13421 
1 10 6849 10930 13275 13307 13233 10926 13242 7946 15983 7950 
1 2 13228 13220 
1 3 13228 13222 10930 
1 3 13228 13236 13267 
1 4 8168 8165 8170 8174 
1 3 13321 13423 13421 
1 2 13369 13421 
1 2 13423 13346 
1 2 13421 13414 
1 3 13421 13365 13350 
1 2 15970 13365 
1 2 13365 13392 
1 2 13365 10935 
1 2 13447 6879 
1 3 6879 13470 13446 
1 2 15978 13470 
1 5 13241 13243 10923 13227 13273 
1 2 13273 13241 
1 4 13243 13332 13260 10925 
1 3 13301 433 13294 
1 2 13285 13263 
1 2 13393 15971 
1 3 13425 13432 13377 
1 3 13432 13415 15968 
1 2 13377 10938 
1 2 13425 13377 
1 2 13337 13304 
1 13 15964 15961 10932 13385 15965 13304 13378 13338 13433 13367 10934 15963 13483 
1 2 13378 13403 
1 9 13378 13371 13339 15973 13364 15974 13467 13455 10941 
1 4 15973 13394 13406 10934 
1 2 13344 13394 
1 2 10952 13492 
1 3 10952 13368 10941 
1 2 8177 13475 
1 4 13486 13489 13502 13465 
1 4 1527 1100 1479 5854 
1 5 1527 5854 5411 8281 13416 
1 5 4874 6054 4880 4670 13399 
1 3 4880 4671 4670 
1 4 7475 734 1464 8308 
1 8 3013 4133 4112 5858 3235 9597 8255 1464 
1 4 13563 8258 8272 9597 
1 2 3059 8255 
1 4 2989 5030 5041 5061 
1 4 2989 3464 3598 5041 
1 13 8894 15546 15545 15543 15544 15542 15541 15538 15536 5964 4911 4896 15527
1 2 15540 15538 
1 7 3223 3195 5029 15527 4891 4980 15536 
1 2 5698 1059 
1 4 5698 3242 3223 3135 
1 3 3223 644 6115 
1 3 4468 508 8284 
1 4 4468 8117 4078 995 
1 2 4078 5219 
1 8 6897 6001 4684 5989 4879 15539 15535 15533 
1 3 6897 5984 6001 
1 5 3732 3620 3661 5999 3651 
1 2 5054 3661 
1 2 3156 3651 
1 3 4668 5937 5099 
1 3 15510 15511 15514 
1 3 4292 7463 5740 
1 6 13500 13519 15548 15551 15554 1700 
1 2 5041 1457 
1 7 15626 15810 15625 15811 15623 15620 6888 
1 2 15652 15648 
1 2 15652 13462 
1 2 15652 15644 
1 4 15652 15649 15645 15640 
1 2 15637 15640 
1 2 15634 15640 
1 2 15635 15640 
1 3 15640 13374 15645 
1 2 15664 15671 
1 4 15668 15678 481 15687 
1 3 481 15663 15673 
1 4 15675 15670 15665 15679 
1 2 15665 15672 
1 4 15697 15700 15715 15717 
1 2 13345 15706 
1 4 15683 15690 15699 15703 
1 8 15801 15796 15791 15792 15789 15785 13503 15788 
1 2 15788 15791 
1 2 15792 6898 
1 4 15785 15786 6668 15789 
1 3 15789 15793 15790 
1 6 1637 15780 15777 15782 15781 13503 
1 4 15773 15779 15783 13503 
1 3 15781 15776 15771 
1 2 15783 15776 
1 3 15767 15762 15761 
1 4 5580 15770 15772 15771 
1 7 5580 15766 15763 15765 5578 15764 15762 
1 3 15771 15768 15767 
1 2 5587 15788 
1 2 15788 15787 
1 6 3455 6109 1786 8267 3560 6899 
1 6 15735 15713 15721 6895 15747 15754 
1 6 15721 15738 15753 15757 15755 15745 
1 2 15732 15738 
1 2 15732 15721 
1 3 15732 15743 15745 
1 4 6895 15727 15708 15707 
1 5 15739 15741 15748 15742 15754 
1 2 15733 15741 
1 2 15763 15754 
1 2 13478 15681 
1 12 8539 15619 15833 7250 15831 8021 6156 7532 13277 7631 6884 15832 
1 5 6401 278 15842 13235 13277 
1 8 7532 7531 15818 15815 15816 7230 6163 13486 
1 4 15815 7254 15812 16010 
1 6 15832 7839 8914 7255 5237 8167 
1 8 15832 7342 7335 7629 10 7258 458 16012 
1 15 6896 7855 15866 7869 457 7899 15859 7912 15850 13404 15843 15838 112 7640 7342 
1 4 7629 7349 7345 112 
1 2 7640 7349 
1 2 7335 7349 
1 7 15850 7897 15839 7878 7890 15823 8039 
1 3 2 7879 15839 
1 3 196 7846 7855 
1 2 7862 6896 
1 3 267 8938 457 
1 2 7873 7899 
1 3 46 15845 13404 
1 4 158 1 82 46 
1 2 7884 82 
1 3 15847 15848 8914 
1 2 15829 7890 
1 3 7623 7632 458 
1 2 15814 15818 
1 11 7595 5595 7914 5318 3094 13485 13502 13495 13482 13464 13497 
1 3 7554 6162 7599 
1 3 7973 7961 13221 
1 3 13221 7960 7973 
1 5 8012 10924 16003 8024 418 
1 4 7966 354 7944 15988 
1 3 7966 7925 15982 
1 3 13221 15979 15982 
1 4 13357 7951 7924 7968 
1 6 7929 13306 7923 12454 7943 13357 
1 4 12454 15980 15981 7966 
1 5 7539 10978 7241 15990 432 
1 4 7968 7539 5809 13357 
1 6 5809 7942 15997 15998 7949 8002 
1 4 15989 7915 13218 15998 
1 5 15997 7541 6174 15996 7539 
1 3 15998 6168 7922 
1 6 16012 8073 8050 16007 13237 7541 
1 2 16003 6174 
1 4 8048 13224 8049 8050 
1 2 7995 716 
1 2 7997 8015 
1 3 7997 8055 13224 
1 4 7997 8005 8025 8002 
1 5 263 7731 425 8172 8005 
1 5 7716 15986 8176 7749 8025 
1 3 13224 8031 7994 
1 4 7994 8039 8011 8004 
1 2 7997 16004 
1 6 206 268 8041 8058 16011 8031 
1 3 16000 15999 425 
1 4 206 16002 16000 15992 
1 3 15992 7683 15985 
1 3 13230 7705 75 
1 5 7750 271 498 8096 8106 
1 4 5164 13355 8188 16037 
1 9 16037 7535 6130 5386 16036 8106 13352 16035 7440 
1 4 7716 1512 5406 13308 
1 3 390 8067 13308 
1 4 390 7614 13231 6130 
1 2 8088 13252 
1 5 8107 8090 16045 13268 499 
1 4 499 16044 8108 8090 
1 2 16044 13268 
1 2 8108 16045 
1 2 8107 16034 
1 4 7655 413 7814 16037 
1 3 413 7239 13308 
1 7 16037 1563 8135 7572 6874 7602 7582 
1 3 7559 7596 7602 
1 4 507 7741 16030 7602 
1 10 7582 44 149 13269 8074 8110 8078 16027 16025 7712 
1 8 7796 7754 8900 5611 262 7726 7440 16034 
1 6 16034 8082 8018 8044 8013 8056 
1 6 16034 8056 8094 5375 16043 7923 
1 4 374 5480 3049 7332 
1 3 7715 13513 7732 
1 6 13280 3115 6088 16023 1509 13386 
1 12 277 144 7947 16021 16022 7956 7996 7304 7712 5610 16026 5611 
1 2 7947 6398 
1 2 8014 13244 
1 2 7993 7996 
1 2 424 16022 
1 2 7304 7992 
1 5 16024 7313 7738 7318 16027 
1 5 8014 8034 8092 8063 7318 
1 3 8110 8072 8074 
1 2 8072 7427 
1 2 97 13386 
1 6 6088 9282 7355 1319 8001 13249 
1 2 1447 1509 
1 4 7582 13310 7289 1319 
1 3 149 92 13381 
1 3 7630 13381 1319 
1 13 15964 15926 7777 7770 7834 7580 7759 329 8909 10998 13360 7825 10973 
1 2 7580 5328 
1 4 7825 8892 8908 8909 
1 2 7753 10975 
1 6 8241 8247 8248 8890 8934 7603 
1 5 8240 8933 8249 8164 8241 
1 3 8249 8243 8241 
1 2 8241 8248 
1 6 10973 7820 5407 8251 8891 8934 
1 3 7823 7829 5407 
1 3 7600 7590 7760 
1 9 8337 7827 8089 7760 10985 430 7729 7772 10973 
1 2 8098 8089 
1 2 10988 8089 
1 2 8904 10990 
1 2 7765 10985 
1 3 7767 7769 7772 
1 5 7828 7798 7774 8066 7772 
1 5 8934 8931 8916 7813 7808 
1 5 415 10974 488 6408 7587 
1 4 415 5163 15917 488 
1 2 15917 6395 
1 2 392 7776 
1 2 392 7778 
1 2 392 7784 
1 2 392 8008 
1 2 447 392 
1 4 8008 7776 7778 7784 
1 3 434 8895 8912 
1 3 8912 8910 8906 
1 3 8912 8901 8932 
1 3 8912 8919 8902 
1 3 8337 8517 15904 
1 2 8348 8517 
1 2 8347 8337 
1 10 8337 8371 8441 9327 13402 9319 15905 15868 15870 15872 
1 9 15904 13391 9421 8400 9414 8401 13504 13219 10961 
1 2 9372 13219 
1 2 8431 9421 
1 3 8431 9398 8492 
1 2 15873 15868 
1 16 15872 15874 15875 15880 15886 9315 15890 15892 459 15896 15894 10981 15897 15898 9451 5928 
1 3 15888 15884 15886 
1 3 8175 9335 15892 
1 2 13326 9451 
1 3 15885 10995 15878 
1 14 514 513 1519 1502 1491 1534 1536 1533 1538 1532 1537 1531 1524 1520 
1 12 1306 865 867 873 870 869 868 856 861 515 514 513 
1 2 513 1306 
1 3 1306 1519 514 
1 7 872 867 1500 1503 1492 1495 28 
1 3 870 1133 868 
1 3 1133 516 869 
1 3 868 516 870 
1 3 874 296 861 
1 20 1550 1098 1544 1543 5243 5242 1491 1484 1476 1470 1467 1460 1456 1455 1461 1466 1095 1485 1495 1492 
1 4 5847 5837 1472 1470 
1 3 1456 1465 1455 
1 2 1465 530 
1 4 1488 1477 1471 1456 
1 3 1471 530 1482 
1 2 1492 1095 
1 5 861 1386 1377 1392 1375 
1 3 1506 1507 1377 
1 3 1506 1505 1507 
1 6 1433 1102 1416 1406 1393 1386 
1 4 869 1387 1390 1403 
1 5 1390 1383 1380 1373 1503 
1 4 1433 2117 2125 2130 
1 3 2130 2133 2125 
1 5 2137 5240 3321 2136 2141 
1 3 5240 2143 2137 
1 2 531 1533 
1 3 1520 1528 1533 
1 2 1982 2127 
1 2 2638 798 
1 7 15132 15137 13727 15141 15158 15164 15152 
1 5 15132 15135 8865 8708 8793 
1 3 15135 15138 15140 
1 2 15135 15137 
1 2 8865 5342 
1 4 8705 7419 2427 15140 
1 2 5342 2427 
1 6 7419 15156 15173 15197 15212 13743 
1 3 15211 15206 15196 
1 7 15211 1261 15216 15225 13743 15231 15230 
1 2 15486 13755 
1 2 15486 15487 
1 3 15222 15217 15210 
1 4 15230 13746 15232 13748 
1 3 15265 15257 15249 
1 3 15265 15259 15257 
1 4 15265 1260 15262 15257 
1 5 15253 15249 15245 15247 13755 
1 7 15243 13754 15260 8767 13758 15266 13759 
1 3 15243 15251 15260 
1 3 13759 15268 13758 
1 6 15266 15267 8838 13757 8803 13755 
1 2 13748 15249 
1 4 2427 15155 15146 15140 
1 2 15140 15155 
1 2 15146 15141 
1 2 15163 15155 
1 2 15163 15146 
1 3 15231 13751 13755 
1 3 13762 13761 13763 
1 4 13862 13890 13923 13925 
1 3 13923 13894 13862 
1 2 13890 13894 
1 22 13817 13828 13818 13819 7421 13821 13832 7405 13865 13872 13873 8415 13893 13866 13870 13900 13931 13970 14000 14042 14070 14108 
1 6 13866 39 13840 13856 13881 13893 
1 3 13792 13782 13775 
1 2 13787 13782 
1 2 13787 13792 
1 5 13845 13835 31 13820 13827 
1 3 13846 13827 13829 
1 4 13817 13807 13798 13802 
1 4 31 13806 13802 13827 
1 3 13802 13816 13807 
1 2 13829 13817 
1 3 13788 13803 13819 
1 5 13852 9261 13830 13842 13872 
1 2 9261 13856 
1 2 13856 13873 
1 2 13922 13900 
1 3 7994 13225 421 
1 3 16013 8016 13225 
1 2 13334 8026 
1 2 16006 5595 
1 12 7914 16010 16009 7594 7599 38 432 15991 15993 15988 7950 15982 
1 2 7257 15815 
1 2 7257 16010 
1 2 7254 7257 
1 2 15812 7257 
1 2 15991 15990 
1 2 7911 13306 
1 2 432 7875 
1 9 8760 8693 8752 8691 8690 6595 1545 1143 8702 
1 2 8753 8760 
1 2 8755 8760 
1 7 8760 8765 8698 8788 8797 8807 8817 
1 3 8760 8766 8774 
1 4 8698 8772 8770 8752 
1 5 8770 8782 8795 8809 8817 
1 14 8817 8827 8835 8839 8848 13729 15143 15149 15160 15162 13733 13738 15199 15190 
1 2 8807 8819 
1 2 8812 8807 
1 4 8812 8804 8791 8788 
1 3 8785 8697 8795 
1 4 8802 8810 8829 8809 
1 4 8768 8777 8781 8796 
1 8 8853 8847 8852 8846 8706 8840 8843 8839 
1 4 8843 8832 8820 8804 
1 3 8786 8787 8774 
1 7 8781 8784 8798 8700 8801 8792 8786 
1 5 8784 8789 8813 8823 8837 
1 4 8823 8815 8814 8801 
1 3 8814 8701 8706 
1 3 8846 8836 8837 
1 2 8820 8821 
1 2 8706 8849 
1 3 8840 8845 8854 
1 3 8835 8743 8830 
1 3 8743 8826 8829 
1 6 8743 8841 8704 15134 5743 15152 
1 6 15229 130 15133 15161 15147 5743 
1 3 13729 1264 15142 
1 2 13738 13736 
1 2 13736 15179 
1 4 15175 15481 15166 15161 
1 3 15162 15157 15481 
1 4 15481 15192 15214 15226 
1 2 15248 13750 
1 2 15248 15239 
1 6 15214 13745 13742 15171 15205 15204 
1 3 15204 15193 15172 
1 3 15484 15227 15224 
1 3 15484 15188 15224 
1 3 15484 15250 15256 
1 4 15171 15219 15236 15246 
1 2 1263 15219 
1 2 15202 15214 
1 3 13738 13731 15192 
1 4 15234 15223 13739 15226 
1 3 13739 15203 15133 
1 6 15149 15153 13730 15159 15177 15172 
1 6 15160 15480 15167 15182 15190 15193 
1 2 13730 15167 
1 3 2397 2391 2394 
1 5 2394 2377 2382 2486 2480 
1 4 2486 2375 811 2377 
1 4 2394 2392 2389 2396 
1 3 2396 2398 2392 
1 3 2396 2404 2408 
1 6 2389 2379 2380 2400 2385 812 
1 3 2388 2383 2379 
1 2 2388 2400 
1 2 2388 2380 
1 2 2400 2376 
1 4 2405 2411 2395 2387 
1 4 2387 2390 810 2376 
1 3 2395 2409 810 
1 3 2411 2403 2409 
1 4 2376 2378 2372 2381 
1 7 2372 2479 2489 2475 2495 2490 2380 
1 4 2490 2487 2497 2480 
1 4 2470 2374 2468 2475 
1 3 2475 2485 2470 
1 2 2470 2479 
1 7 2495 805 2469 2446 2463 2448 2453 
1 2 2480 805 
1 5 2453 802 2561 2476 2494 
1 4 6048 2501 2484 2494 
1 5 2494 2496 10870 10871 10873 
1 17 2453 2451 2519 2532 2534 2546 2539 2151 2540 2528 893 2538 2549 2535 2218 2212 6923 
1 2 2511 2528 
1 2 2509 2549 
1 2 2541 2538 
1 2 2562 2151 
1 8 2451 2449 2460 2458 801 2364 5965 2322 
1 2 2442 2364 
1 2 2443 2458 
1 9 2322 618 2208 2205 2201 2197 2191 2190 2310 
1 2 2196 2190 
1 2 2196 2201 
1 2 2184 2310 
1 5 2310 2302 612 2154 2099 
1 2 2148 2154 
1 2 2147 612 
1 5 2302 6905 1709 2306 2304 
1 3 1709 2303 1713 
1 2 2309 1713 
1 4 1714 1721 1720 2304 
1 9 618 2315 2320 2355 5463 2343 615 2333 1713 
1 3 616 2207 2355 
1 2 2319 618 
1 2 2316 2320 
1 14 2099 2962 794 2078 789 2079 1993 1990 2185 2095 2087 16049 2715 2181 
1 9 2181 5459 2164 2157 2179 2203 2159 2211 6923 
1 5 2097 2089 5458 1991 1990 
1 3 2067 2070 1993 
1 3 788 1992 2185 
1 2 2183 2087 
1 4 2715 742 5625 792 
1 2 1989 742 
1 4 794 796 2091 2102 
1 2 2106 2091 
1 2 2093 2091 
1 3 794 2073 791 
1 12 956 2243 6920 6921 5977 2267 2270 4082 6295 4083 6387 4596 
1 36 895 2230 2232 2216 6925 906 5511 913 6289 6311 4595 4609 4616 4617 4590 4604 4598 188 4610 4619 6332 6323 4649 4637 4661 4653 3959 3942 3966 969 3952 6265 3957 983 3968 6378 
1 4 5489 2284 903 2216 
1 7 2216 2268 2263 2255 2250 2246 2215 
1 3 6923 2576 2214 
1 3 2214 2226 2230 
1 6 2214 2280 6924 2219 891 2215 
1 6 2246 2251 896 6930 2262 176 
1 2 2265 6930 
1 2 896 2259 
1 2 2240 884 
1 3 6920 890 2262 
1 3 2259 2254 5977 
1 4 906 2288 2285 6902 
1 2 5114 5459 
1 6 2181 2199 5655 2198 6919 2780 
1 2 2156 2198 
1 7 2790 2786 2799 785 2793 2800 2794 
1 4 2780 6050 2782 6917 
1 6 2782 2804 787 2805 2649 948 
1 4 2782 2802 2783 2790 
1 4 1676 3019 1701 1695 
1 3 1676 1694 1696 
1 4 1696 5619 127 3019 
1 2 1676 5619 
1 5 1648 6417 5346 1647 761 
1 2 5574 5346 
1 7 761 1650 1666 1659 6943 5872 1686 
1 2 1677 1659 
1 2 1655 1666 
1 14 761 1656 2168 2726 2709 2703 5608 2764 2749 2733 2757 750 5606 2758 
1 6 1678 759 762 2170 2711 2168 
1 4 762 2174 5513 5521 
1 4 1678 2173 1682 5872 
1 3 2708 2706 2711 
1 3 1663 1667 2711 
1 3 2175 754 2170 
1 2 2175 2170 
1 3 5521 2607 6941 
1 13 2603 6941 2608 2609 2599 2596 2592 2167 2595 2594 1662 2169 5521 
1 2 2598 2599 
1 2 2604 2608 
1 2 2590 1328 
1 3 1328 399 2590 
1 4 1662 2597 755 6938 
1 2 757 2592 
1 3 2584 2587 2167 
1 2 2588 2587 
1 2 756 2587 
1 3 2167 6935 2591 
1 7 2708 2699 752 2698 2694 2697 753 
1 5 753 5617 2689 2690 2691 
1 4 2690 2704 749 2689 
1 3 2691 6937 752 
1 3 5608 2761 5617 
1 2 5601 5606 
1 3 5602 5588 5606 
1 5 5582 2716 5590 5585 2737 
1 7 2758 5582 741 5576 1633 1631 5713 
1 4 741 1691 460 1638 
1 4 1631 5577 1641 1638 
1 5 1691 1643 2738 2755 2758 
1 5 2734 5586 2723 5589 1643 
1 3 1621 5414 5576 
1 5 1570 1571 1569 1573 5713 
1 15 948 2658 2636 2626 2635 2639 2662 943 2623 2616 2620 2613 2612 2610 2617 
1 2 2614 2613 
1 5 948 2629 2660 2680 2681 
1 11 2660 2646 2630 2664 2670 4297 2294 949 2293 938 956 
1 3 949 2679 2684 
1 5 2682 2685 955 951 938 
1 2 2682 952 
1 3 2671 2672 2683 
1 27 2635 950 953 768 2683 2652 2912 6934 2864 5334 136 2865 2848 2852 2845 2918 2831 2823 2822 2815 2773 2702 2701 923 2775 2776 2829 
1 4 768 2296 2297 2907 
1 3 2297 2640 2652 
1 4 6934 2878 2859 2854 
1 2 2891 2864 
1 2 2702 2809 
1 2 2692 2701 
1 3 2907 2913 2908 
1 4 2907 2919 2915 2908 
1 2 2913 2921 
1 4 6934 2876 2882 2868 
1 4 2910 2898 935 2869 
1 3 2887 2899 2882 
1 3 2868 2869 2899 
1 4 2869 2901 4348 2887 
1 3 4084 4596 6311 
1 6 4619 4615 4618 4594 6293 4650 
1 2 4604 4638 
1 5 4616 4645 4621 919 4656 
1 10 7507 6327 6191 7502 6178 6190 6177 6205 6179 4637 
1 3 6205 6201 7511 
1 3 7511 6183 6178 
1 5 6323 4647 6333 4662 4653 
1 3 6333 4660 4637 
1 6 6202 6181 6325 6175 6235 6219 
1 7 6333 287 6193 6189 6185 6215 6325 
1 5 6185 6344 6220 6216 6214 
1 4 6232 6353 6212 6344 
1 13 5771 6388 6377 957 6246 6368 6217 6228 6229 6243 6219 6192 6198 
1 5 5771 5763 5563 6252 6246 
1 3 6246 6251 6377 
1 2 6251 5563 
1 9 6217 6375 6342 6361 5767 5762 6359 5757 5761 
1 8 5781 5780 5778 6381 6374 6371 6366 5761 
1 6 5769 5773 5774 5766 5765 5757 
1 4 5762 5776 5768 5775 
1 8 6232 6242 6239 6244 6236 6250 6256 6243 
1 5 6353 6358 6175 6199 6198 
1 5 3947 6391 3953 6280 3985 
1 3 964 3927 3942 
1 7 3947 3939 4663 3928 3934 3954 3959 
1 2 3935 3954 
1 6 3966 3941 979 3958 3949 3936 
1 3 6391 985 982 
1 2 979 3961 
1 2 6263 3949 
1 4 3934 3930 3933 963 
1 6 963 3929 7512 6356 4654 4656 
1 12 6268 4855 4821 4814 978 2967 4802 4818 4807 6270 3945 3947 
1 4 4837 4834 975 2967 
1 3 4828 6273 4834 
1 2 4858 6268 
1 4 6271 6281 4783 4818 
1 2 4825 4818 
1 2 6267 4783 
1 7 4831 6195 977 4851 4842 4823 4830 
1 5 4857 4848 4862 4868 4841 
1 6 4851 4854 6187 4856 4845 4848 
1 2 4830 4845 
1 6 4866 4870 4841 4860 984 6268 
1 4 6268 4838 4859 6258 
1 2 4864 4868 
1 3 4824 4812 6268 
1 3 4652 4640 4595 
1 4 3514 3617 994 3550 
1 9 4866 3493 3529 3494 3658 3592 6004 5887 994 
1 5 3658 5531 2990 3532 3550 
1 6 3529 3492 3501 5894 3494 3679 
1 4 1686 2585 6944 1993 
1 3 6270 4816 4837 
1 7 6418 5626 6422 5665 5631 5633 5661 
1 3 5633 6419 5638 
1 4 5638 5646 5640 1986 
1 2 5646 6419 
1 7 5268 5550 5554 5560 5548 5559 5551 
1 3 5291 5271 5268 
1 7 5548 5249 5304 5535 5569 5568 5251 
1 4 5294 5542 5544 5299 
1 2 5544 5535 
1 3 5542 5556 5304 
1 3 5560 5246 5271 
1 7 1343 1344 1026 1349 285 3703 3665 
1 3 1349 5225 1026 
1 11 1344 1030 1353 1021 1331 5218 1333 1339 1348 1354 1360 
1 5 2953 1346 320 1334 1353 
1 3 1334 1332 1331 
1 5 1354 6122 6111 1347 1045 
1 3 6111 1342 1339 
1 10 285 6117 1364 1361 1045 1358 1360 1359 1029 1352 
1 2 2953 1334 
1 3 1334 1338 5218 
1 6 3780 3778 3786 5922 3787 3793 
1 4 5922 3795 3771 3780 
1 20 3771 3767 3765 3766 1024 3776 3782 5924 3798 3803 3802 3815 3813 3810 3811 3805 3801 3783 3791 3778 
1 6 3787 3779 3799 3817 3811 3818 
1 4 3779 3777 3800 3793 
1 5 3787 5912 3781 3794 3793 
1 5 3800 3808 3803 3819 3814 
1 2 3794 3808 
1 5 5912 3788 3773 1024 3770 
1 4 3791 6104 4063 3767 
1 3 6104 3780 4063 
1 2 3782 3785 
1 2 1037 5924 
1 4 3798 5952 3796 3809 
1 2 1107 3813 
1 12 1343 4062 4072 1028 4038 4046 4074 4073 4056 4081 4048 1061 
1 2 4066 4062 
1 3 230 3519 1012 
1 17 6285 3522 3526 1002 1012 3520 3547 3552 3555 3545 3587 1043 3583 3576 3577 3579 3571 
1 4 3552 3578 3559 3568 
1 15 3571 6105 3563 3569 3562 3554 1013 3556 5880 5874 3524 3495 3489 5876 3985 
1 3 5880 3502 5891 
1 5 1013 3546 3548 3553 3554 
1 5 3553 3528 3570 3582 3576 
1 29 5874 3516 4018 4029 6071 4031 4049 4036 6112 4033 4028 4002 4040 4020 6094 4024 999 4027 4025 1061 4059 4055 4053 3979 6102 1004 2946 4044 4072 
1 2 4041 4029 
1 9 4049 4077 6103 6098 4054 4070 3580 3581 3571 
1 2 4065 6098 
1 2 4043 4040 
1 5 4028 1011 4005 5367 4017 
1 19 4063 4045 1061 3989 1006 3995 992 3984 3999 4003 6121 8633 3983 3986 4079 3978 3974 8573 3987 
1 4 3989 3992 4037 4025 
1 5 4016 1068 8571 1005 4062 
1 2 8577 8571 
1 5 1016 4057 4071 4064 4048 
1 19 3571 3586 5931 1048 5955 3594 5914 3596 3613 3623 3631 1073 3638 3630 3752 3720 3760 6036 6035 
1 3 3591 6073 1048 
1 13 525 3629 483 5941 3656 5979 3654 251 3696 1074 3683 3644 3630 
1 3 1091 3759 6036 
1 3 3697 3680 3630 
1 5 3697 3671 3684 3647 3631 
1 16 3671 3709 1088 3677 3694 3693 4885 1063 4883 5945 4878 1062 4982 5009 5023 5002 
1 2 3595 3596 
1 4 3604 3603 3609 3600 
1 2 3611 3609 
1 2 2788 2800 
1 2 2810 2822 
1 5 2780 2779 180 2778 2790 
1 12 5945 4673 4669 4666 4677 4679 5970 4681 5995 4675 4687 4686 
1 5 4675 5974 4915 4672 5970 
1 5 5040 1072 5021 5002 5018 
1 7 4983 4987 4969 4921 4901 4988 4998 
1 2 4983 5018 
1 2 4907 4988 
1 2 4966 4988 
1 12 5046 5038 5062 5058 5068 5079 5051 5039 5034 1071 5032 5002 
1 4 5047 1071 5025 5064 
1 4 5058 4986 4995 5801 
1 3 5918 4899 4906 
1 4 4906 4890 4897 4888 
1 5 4927 5091 4936 4909 5918 
1 3 4899 4924 4936 
1 2 2932 395 
1 4 4872 4871 4875 4999 
1 4 4872 4873 4877 4875 
1 3 407 1727 2936 
1 3 407 1726 2936 
1 3 4963 4960 4969 
1 8 6035 5143 1861 1859 1862 1920 3625 3676 
1 6 3715 3646 605 1768 1763 1766 
1 4 1729 503 1743 288 
1 2 1738 503 
1 4 1730 1731 1740 503 
1 2 3730 1740 
1 14 2043 2039 2040 2044 2019 3676 1981 1925 3715 288 1754 1757 1758 1748 
1 5 2011 2007 609 2006 1757 
1 6 2058 2054 2052 2048 292 2043 
1 5 2044 2042 2047 2021 2052 
1 6 2024 2023 5124 2020 5128 1981 
1 11 1925 1924 2018 2003 2009 1685 2065 3042 3847 3856 3876 
1 3 1758 607 1757 
1 2 5136 2018 
1 3 288 2001 2006 
1 4 6036 3750 1857 1861 
1 3 2032 3628 2037 
1 3 2037 1141 5534 
1 2 2017 2042 
1 2 2008 2006 
1 2 1921 1925 
1 8 2177 2085 2111 2101 2082 3023 1938 3004 
1 3 2085 2108 2111 
1 8 3885 3871 3876 3868 2178 2098 2088 2111 
1 7 2098 623 1717 1680 1271 1915 7472 
1 3 1680 5292 1717 
1 6 3829 3827 3840 3845 3860 3871 
1 3 3829 3834 3840 
1 14 3871 3870 3879 3884 3897 3909 3898 3908 3893 3593 3924 3891 3861 3854 
1 2 5798 3909 
1 2 3890 3924 
1 4 3926 3921 610 3918 
1 5 3919 3918 3913 3900 3890 
1 5 3823 3825 3842 3846 3854 
1 8 3822 3821 173 3830 3841 3839 3826 3824 
1 2 3822 3824 
1 2 3902 3890 
1 2 7223 3868 
1 2 3889 3890 
1 4 3854 3843 3831 3826 
1 4 3843 3836 3828 3824 
1 7 3030 3029 3037 5791 5796 4107 5803 
1 2 1165 49 
1 3 66 61 65 
1 10 7179 7180 7188 7197 7138 7191 7195 7199 417 252 
1 4 252 315 245 557 
1 4 252 203 575 129 
1 2 1534 5242 
1 5 589 5266 1972 1969 1970 
1 5 589 5262 1984 1980 1970 
1 4 1970 1975 1976 589 
1 2 1980 5248 
1 7 1930 5141 1929 1944 1956 1955 1970 
1 2 1778 1784 
1 6 1751 1750 1749 1748 1747 1149 
1 3 7454 1974 5261 
1 2 1769 1784 
1 3 1403 1411 1404 
1 9 1435 1434 1433 1429 1425 1426 1427 1414 1404 
1 3 154 698 1097 
1 3 698 1096 748 
1 5 698 697 839 5170 858 
1 3 697 837 748 
1 3 697 846 1097 
1 6 858 5167 1304 5168 855 5170 
1 5 5170 5169 848 1303 858 
1 2 858 5166 
1 10 1880 1878 1893 7489 1879 1884 5188 1834 1829 1819 
1 2 5186 1895 
1 6 2982 2984 5197 1917 2983 1708 
1 10 5197 1916 2988 595 1890 5186 1889 3462 5185 1884 
1 4 5266 1966 5179 2131 
1 2 3354 3353 
1 2 4322 4323 
1 2 4325 4324 
1 3 708 4207 4240 
1 2 3446 3441 
1 5 3417 3410 3398 3404 3397 
1 3 3405 1627 1567 
1 7 4434 7497 4418 4394 5412 3473 3470 
1 8 3472 3478 3482 3487 4436 4453 4437 4434 
1 4 1853 1850 1849 1851 
1 2 853 2982 
1 3 4087 4098 4106 
1 3 4123 4097 4106 
1 2 4106 4134 
1 4 8711 5827 4252 4196 
1 3 4252 5826 4328 
1 2 7491 4128 
1 2 4149 4128 
1 11 4243 4264 4233 4199 727 4182 4237 4226 730 4197 4158 
1 9 4431 4439 4446 4461 4469 4466 5864 4458 4457 
1 3 4431 4430 5864 
1 2 4466 4479 
1 6 4422 4440 4462 4467 4477 4481 
1 2 4433 4440 
1 4 4462 712 4474 4481 
1 5 4481 4472 5682 5870 4479 
1 3 4440 5701 4446 
1 5 4479 4485 4499 4521 4535 
1 13 4434 4464 4470 4475 4491 714 4504 4515 4527 378 4509 4530 4535 
1 2 4388 4340 
1 20 5843 735 4365 4416 5786 5787 4452 4473 4490 4500 4516 4540 4544 4555 4572 3127 3137 5734 5735 3169 
1 2 4243 2973 
1 6 4106 4154 5815 4195 5821 4265 
1 2 4227 4195 
1 2 4265 4301 
1 3 4265 4275 4246 
1 6 3346 3343 2132 1843 1845 1846 
1 3 3328 5267 3326 
1 11 4176 4093 695 4164 4117 4178 4147 4109 4165 4200 4219 
1 4 4176 4090 4096 4219 
1 3 7445 590 4090 
1 3 7445 4094 4219 
1 5 4186 7447 5399 5396 7444 
1 3 3458 5398 3465 
1 5 4726 4715 4707 4701 4694 
1 6 4751 4753 4747 4754 4760 5716 
1 2 4490 4523 
1 7 671 4488 4498 4538 4505 4511 4523 
1 8 4498 5692 4459 651 4425 4417 5784 4405 
1 2 4519 4488 
1 2 4526 4505 
1 4 5695 4538 4514 4532 
1 7 4540 4541 4522 4518 4528 4517 4510 
1 3 4537 4539 4528 
1 3 4546 4557 5838 
1 7 4555 4563 5838 4571 4564 4554 4556 
1 4 4555 4570 4581 4574 
1 7 4720 4724 4727 4716 4721 4719 671 
1 4 4721 4730 4736 4782 
1 3 4727 4735 4741 
1 7 4727 4717 4709 670 4711 4708 4716 
1 3 4697 4704 670 
1 7 4697 4699 4695 5680 446 4692 4694 
1 3 4720 5700 4737 
1 4 4737 4738 4725 4715 
1 3 4737 5708 4751 
1 4 4741 4742 4739 4735 
1 3 4742 5704 4751 
1 9 4751 4752 4758 4761 5728 4764 13725 4778 4777 
1 7 4778 454 4776 4770 4768 4763 4760 
1 4 4778 7129 4771 3161 
1 3 3161 3177 3185 
1 3 3161 660 665 
1 3 3136 3149 5734 
1 3 661 3145 5734 
1 7 3244 3243 5732 3217 3224 3228 3240 
1 2 3238 3240 
1 2 3210 3228 
1 11 3240 3254 3250 3252 3269 5714 586 3271 3282 3285 3287 
1 2 3278 5714 
1 5 3254 3263 3259 3268 3320 
1 2 3259 3271 
1 4 3250 3261 3274 3269 
1 2 3263 3261 
1 4 3271 3276 3275 3266 
1 3 3320 3251 646 
1 10 3245 646 3266 3280 3279 3260 3255 3270 3247 3248 
1 8 3245 3262 3273 3279 3281 438 3010 3012 
1 2 3248 3245 
1 6 3239 3215 3222 3212 3233 3240 
1 3 3248 645 3215 
1 8 3222 3319 3241 3251 3264 3275 3283 3287 
1 4 3169 3182 3200 3215 
1 5 3215 3219 3237 3227 3214 
1 5 3169 3174 3181 3173 662 
1 3 3318 5727 3173 
1 4 3008 3009 3012 3015 
1 7 1950 1971 5754 3069 3066 3068 477 
1 7 3068 3311 3303 3304 3300 470 3299 
1 2 3311 472 
1 5 3299 3298 3307 3312 3308 
1 5 3288 739 3293 3295 3298 
1 3 3287 5747 3280 
1 5 4449 4463 4478 4486 4500 
1 3 5838 4569 4578 
1 2 4554 4568 
1 5 559 547 546 541 542 
1 3 546 552 6971 
1 7 529 566 6994 6991 6987 548 6990 
1 5 566 6995 6997 7000 7002 
1 9 6987 569 7025 6984 6981 6978 6976 553 577 
1 4 553 560 573 7185 
1 2 553 6975 
1 3 7185 7176 7167 
1 4 6976 6974 6973 542 
1 2 7018 6974 
1 4 542 7020 534 7025 
1 3 7025 6979 6973 
1 3 6981 6977 6974 
1 9 7176 7173 7162 7160 7161 7157 7159 7163 7158 
1 5 116 74 256 1163 103 
1 2 103 74 
1 3 261 518 1164 
1 3 7177 7182 7185 
1 3 7177 7169 7162 
1 3 7182 7135 7195 
1 6 7179 556 7190 7196 7208 7215 
1 4 7196 7203 7207 7211 
1 3 7213 7206 7203 
1 4 7196 7194 7189 7190 
1 5 7189 7184 7178 7168 7158 
1 3 7163 7174 556 
1 5 6995 6996 561 6999 7000 
1 4 561 538 537 568 
1 6 561 7029 7028 7027 218 252 
1 4 7028 1297 7030 218 
1 2 7027 7030 
1 10 561 558 7006 7035 7034 7037 7036 550 551 129 
1 5 538 7007 7038 7049 7064 
1 4 7049 7059 7069 7075 
1 2 7069 7058 
1 6 7100 7106 7114 7120 7118 7109 
1 6 7064 7079 7088 7084 7098 7109 
1 4 7098 7101 7111 7109 
1 3 7111 7105 7116 
1 4 7105 7104 7095 7087 
1 5 7064 7055 7052 7047 7042 
1 3 7055 7068 7079 
1 8 7068 7065 7066 7072 7080 7086 7096 7094 
1 4 7063 7057 7060 7066 
1 2 7072 7063 
1 5 7079 7082 7087 7089 7094 
1 4 3478 3772 6963 4355 
1 6 7455 2995 2992 633 1909 1903 
1 5 3091 3105 3097 3096 7653 
1 4 7647 8864 7636 123 
1 7 7661 7654 7653 8751 123 7644 7656 
1 4 8744 7674 7658 7656 
1 2 7656 7654 
1 9 7649 7656 7737 13723 7692 7671 7687 7698 8745 
1 5 8745 7694 95 7673 7692 
1 2 7697 7692 
1 4 7666 7713 204 7692 
1 4 7396 43 7659 7644 
1 5 7662 7650 7690 7702 7681 
1 5 7661 7681 7662 8754 7653 
1 3 14681 14685 14699 
1 3 14707 14699 14706 
1 3 14706 14712 14707 
1 13 8717 14543 14590 14615 14641 14643 14632 14595 14557 14528 14529 14505 14474 
1 2 8717 14557 
1 3 14612 14585 14590 
1 12 14474 14444 14408 14385 14345 8724 14275 14254 14286 14783 14318 72 
1 4 5875 14458 14476 14474 
1 7 8724 14317 14346 14400 14402 14413 5875 
1 2 14322 14286 
1 3 14413 14388 72 
1 9 72 14378 14390 14379 14356 14335 14361 14325 14350 
1 6 14379 14342 14300 14276 14243 14202 
1 3 14309 14310 14325 
1 8 5875 14465 14492 14540 14551 14572 14545 14522 
1 2 8502 14551 
1 17 14625 14617 14766 14594 14566 8127 14480 14463 14448 14421 14401 14365 14350 14314 14266 14228 14188 
1 24 14624 14601 2568 14333 14366 14235 1161 14250 14369 14343 14293 14256 14221 14203 14199 8209 8478 14080 14026 13962 13908 13883 8523 13799 
1 5 14421 14415 14391 14357 14401 
1 2 14506 8127 
1 3 14593 14561 14594 
1 7 14549 14511 14479 14461 14434 14417 14378 
1 2 14522 14511 
1 3 14625 8349 14549 
1 4 14357 14336 8131 14314 
1 9 13824 13822 13843 13864 13863 7291 13868 13964 13935 
1 4 13843 13837 13823 13801 
1 12 14026 14006 14012 13996 13949 13954 1604 13947 13990 13992 3090 14056 
1 5 14122 7412 14073 14044 14012 
1 4 13934 13966 14016 14056 
1 2 14125 14149 
1 12 14041 14035 14047 6172 14069 14108 14146 14174 14171 1611 14187 14214 
1 4 14221 14218 14257 14256 
1 3 13841 13858 7287 
1 4 13911 13903 13899 13857 
1 2 7287 13899 
1 6 13857 13874 13887 13898 13935 13989 
1 8 14026 14011 14015 14040 14046 14061 14060 14111 
1 2 14010 14046 
1 4 13911 13956 14002 14040 
1 4 14124 14115 14089 14046 
1 7 14015 14066 14087 14134 8336 8363 14188 
1 10 14221 14215 14188 14205 14184 14183 8157 14161 7264 14129 
1 2 14107 14111 
1 6 14111 14129 14106 14092 14082 14051 
1 3 13936 13939 13903 
1 5 14060 14023 13980 7259 13887 
1 3 14244 14234 14243 
1 4 14206 14201 14173 7264 
1 2 8719 8716 
1 20 14730 14729 14723 14716 14709 14708 14691 14676 14666 14658 14639 14607 436 14559 14520 14502 14470 14790 14431 14397 
1 5 14708 14704 14703 14714 9314 
1 4 6135 14682 14671 14658 
1 3 14644 14645 14639 
1 9 14644 14638 14637 14602 14589 14575 14588 14583 14582 
1 19 14637 14654 2570 14673 14802 14807 14801 7576 14800 14687 14693 14656 14689 14804 14694 14636 14649 14668 14698 
1 3 2941 14669 7576 
1 2 14693 14697 
1 7 14656 14675 14662 14665 14374 14797 14624 
1 9 14374 14316 14608 14586 14582 826 14523 14501 482 
1 2 7563 14639 
1 2 14530 14559 
1 2 339 14607 
1 2 14567 436 
1 5 14422 14418 14429 3120 14470 
1 2 3120 14482 
1 8 14218 14222 14232 8231 8178 14209 14229 14224 
1 2 14185 8178 
1 2 14191 14232 
1 6 8231 14258 14295 14311 14312 14338 
1 6 14397 14363 14338 14299 14751 14224 
1 2 14299 14302 
1 4 14383 14370 14337 14311 
1 2 14347 14306 
1 4 14306 14371 8185 14359 
1 4 14392 14359 14326 14279 
1 6 14302 14279 14283 14263 8182 14216 
1 4 8182 14269 14303 14306 
1 3 14245 14750 14283 
1 6 14192 14179 482 14472 14466 14790 
1 2 14250 14179 
1 2 14519 14501 
1 5 14521 14791 9656 14423 14422 
1 10 14422 14393 14786 14784 14782 14779 14776 14773 14165 14174 
1 3 63 14225 14776 
1 3 9202 14785 14784 
1 2 13920 13954 
1 3 13966 13957 13967 
1 4 13992 14024 14038 14053 
1 7 14056 14094 14121 14091 14109 1609 14024 
1 8 14056 14057 14041 14086 1556 14118 14154 14157 
1 4 14811 14810 3104 14687 
1 15 59 13952 13926 9187 13867 8612 13891 13932 13946 9185 13972 13930 13960 13991 14037 
1 4 13991 14005 9287 14037 
1 3 13926 13948 13952 
1 4 9249 14198 14197 14238 
1 4 14198 9220 14139 8591 
1 14 9220 14155 14095 14770 9238 14747 14744 13983 13988 13951 13974 13959 9216 14019 
1 10 9232 14764 14182 14772 8591 14767 14048 14019 13987 13994 
1 8 9249 14238 14264 9232 14196 9207 14194 14214 
1 5 14238 14285 14298 14252 14274 
1 3 14298 14332 14340 
1 8 14048 9181 14009 9159 14077 14756 14762 9207 
1 2 14058 14018 
1 4 13994 9256 14028 14058 
1 2 14018 14028 
1 3 13915 8605 9256 
1 3 64 14556 8863 
1 8 14556 14524 70 14491 14457 14420 14377 14332 
1 4 14587 14598 14611 14646 
1 3 14630 8609 14664 
1 5 14630 14620 14648 14651 14652 
1 11 14576 14531 14499 14467 8600 14409 9197 14331 14289 14307 14264 
1 9 14499 14526 14509 14485 14447 14416 14394 14355 14307 
1 2 14457 14447 
1 4 14420 14426 9193 14491 
1 3 14541 14516 14485 
1 3 14355 14362 14377 
1 13 14289 14284 14321 14354 9186 14437 14460 14488 14515 14550 9240 14623 14651 
1 2 14384 14354 
1 4 14214 14236 14288 14354 
1 7 14339 14375 14432 14450 14473 14507 14550 
1 2 14432 14437 
1 2 14473 14488 
1 2 14499 14497 
1 5 14416 14425 14409 14407 9186 
1 5 14048 14059 9176 14030 13988 
1 2 13916 13951 
1 2 47 14756 
1 10 8930 15590 15565 15562 15558 5523 15547 1700 15559 15555 
1 2 8930 15555 
1 2 15560 15562 
1 3 15560 15559 15555 
1 2 15560 1700 
1 2 15560 15558 
1 2 15560 15590 
1 2 15560 15565 
1 3 15566 476 15570 
1 4 15571 15570 15567 15562 
1 2 15565 15567 
1 8 15573 15592 15571 15575 15577 15576 15591 15574 
1 4 15567 15556 15574 15569 
1 3 15984 7689 16047 
1 20 15571 15578 15581 15585 15586 15524 3163 5724 3620 5042 3148 5071 6026 5712 3652 3639 4112 5939 3636 7463 
1 2 1712 4133 
1 3 6725 6735 6743 
1 19 6735 6731 6732 6736 6741 6738 6754 6753 6744 6745 6751 6760 6764 6768 6772 6773 6785 6790 10541 
1 4 6731 6721 6715 6732 
1 5 6735 6750 6749 6746 6736 
1 2 6732 6749 
1 5 6741 6730 6723 6709 6800 
1 2 6669 6793 
1 3 6694 6796 6797 
1 4 6754 6676 6771 6788 
1 3 6775 6771 6769 
1 11 6754 6761 6757 6745 6737 6727 6724 6716 6717 6713 6708 
1 5 6681 6812 6766 6774 6764 
1 2 6765 10404 
1 4 6747 6742 6756 6764 
1 5 6724 6718 6670 6706 6708 
1 3 6792 6819 6790 
1 4 6792 6818 6783 6772 
1 5 6783 6779 6789 6682 6818 
1 14 10410 10412 10414 10417 10494 10501 10418 10508 10517 10521 10531 6348 10538 10534 
1 17 10410 10411 9824 10413 10490 10493 10495 10420 10506 10513 10520 10528 10525 10530 10693 10699 10707 
1 2 10421 10420 
1 5 10501 10499 10500 10496 10493 
1 5 10499 10422 10505 10504 10420 
1 7 10418 10510 10507 10515 10523 10424 10533 
1 4 10427 10428 10430 10432 
1 4 10430 10533 10526 10521 
1 6 10531 10537 10659 10660 10703 10702 
1 2 10659 6348 
1 7 10513 10522 10426 10527 10518 10512 10504 
1 3 10512 10516 10521 
1 2 10524 10527 
1 2 10514 10522 
1 4 10534 6856 10700 10696 
1 2 10694 10696 
1 3 10695 10696 10671 
1 6 10707 10671 10674 10539 10677 6807 
1 5 6807 10727 10719 10710 10707 
1 7 10719 10722 6803 10732 9801 10445 9805 
1 8 10541 10735 10737 10743 10751 10758 10545 10770 
1 7 10751 10544 10759 10806 10784 10787 10783 
1 2 10747 10759 
1 4 10767 10775 10773 10806 
1 4 10751 10741 10736 10734 
1 3 10736 10543 10741 
1 2 10726 10541 
1 5 10723 10540 834 10711 10702 
1 8 10677 10723 10729 10734 10542 10748 10753 10545 
1 3 6807 10731 10542 
1 3 10738 10733 10727 
1 3 10727 10730 10740 
1 5 10781 10790 10788 10791 10798 
1 3 10791 10779 10788 
1 2 6275 6290 
1 2 10782 10770 
1 11 10790 10776 10765 10760 10770 10548 10772 10783 10793 6607 10799 
1 7 10765 6802 10745 10740 10739 10744 10752 
1 5 10739 10750 10764 10768 6802 
1 2 10779 10764 
1 5 10750 10756 10766 10780 10779 
1 5 10801 10802 10795 10792 10782 
1 2 10802 6607 
1 24 6466 6566 6565 6560 6561 6577 6469 6587 6591 6605 6601 10807 10799 10800 10804 10808 1939 9826 9828 9831 6862 6470 5923 6861 
1 2 10777 10806 
1 3 10709 10715 10722 
1 2 6443 10693 
1 5 6527 10441 10439 10442 9805 
1 2 10436 10442 
1 2 10442 6527 
1 3 10441 10443 10446 
1 7 10443 10444 9806 10452 10454 10449 6527 
1 3 10445 10451 10462 
1 3 9805 10447 10449 
1 8 10444 9894 9890 10374 9897 10457 9803 9890 
1 2 9893 9803 
1 2 9798 10374 
1 4 9897 9901 9889 9913 
1 2 9904 9901 
1 6 10452 10460 10455 9807 6544 9913 
1 3 9807 10464 10460 
1 10 9805 10456 10462 9808 10466 9810 9811 9813 9818 10409 
1 3 10456 10459 10462 
1 4 9815 9814 10469 9808 
1 5 9819 9845 9812 6339 10469 
1 3 10475 10473 9814 
1 5 10473 6346 10476 10478 10477 
1 4 10409 6552 6655 6854 
1 2 6552 6351 
1 4 9813 6799 6622 6544 
1 5 9913 6748 6806 9820 9822 
1 9 6351 10407 6748 9916 9917 2273 2275 2279 2238 
1 5 9916 9847 9846 9817 9851 
1 2 9850 9817 
1 3 9917 2237 2275 
1 3 2279 2274 2273 
1 3 881 6855 2275 
1 4 2275 6910 6909 881 
1 3 2238 5658 6911 
1 3 2239 2238 6912 
1 9 6530 6529 6490 6523 6521 6516 6467 6514 6512 
1 4 6518 6516 6515 6517 
1 4 833 6519 6521 6520 
1 5 6525 6522 6523 6524 6526 
1 2 6916 786 
1 3 6600 6579 6590 
1 7 6579 6604 6617 6643 6646 6650 6631 
1 4 6586 6599 6616 6631 
1 9 6600 6599 6473 6603 6608 6613 6610 6597 6596 
1 4 6568 6572 6589 6601 
1 3 6555 6564 6469 
1 3 6561 6580 6593 
1 4 6593 6465 6596 6466 
1 3 6596 6582 6580 
1 4 10799 10549 10550 10551 
1 5 6566 6569 6556 6547 6539 
1 4 6540 6547 6458 6543 
1 2 6545 6547 
1 3 6569 6585 6578 
1 3 6578 6602 6608 
1 2 6613 6602 
1 2 6569 6466 
1 3 6466 6592 6610 
1 3 6613 6621 6608 
1 5 6597 6612 6627 831 6644 
1 3 831 6615 6465 
1 6 6610 6629 6641 10921 6623 6581 
1 4 6610 10406 6471 6612 
1 6 6581 6657 6662 6653 6658 6623 
1 6 6587 6598 6606 6472 6614 6615 
1 3 6469 6620 6472 
1 4 6598 6611 10405 6606 
1 3 10405 6634 6625 
1 4 6634 6649 6639 6652 
1 7 9828 9829 10565 10566 10570 10574 10485 
1 3 6624 9833 6862 
1 3 6624 6043 6470 
1 4 9827 9830 9832 9831 
1 5 5923 5943 6379 6231 6307 
1 6 6307 6294 6301 5919 5927 6370 
1 5 6370 5683 5694 5676 5668 
1 3 6307 6297 6304 
1 5 5668 2498 6315 6319 6362 
1 8 6370 6385 6259 6362 6330 6176 4863 6284 
1 2 6317 6176 
1 6 6176 6180 5632 5627 5954 6120 
1 3 5637 5622 5627 
1 2 5627 5878 
1 9 5622 5954 5890 5893 5904 6303 5985 6037 744 
1 4 6017 6021 6063 5910 
1 2 5910 5966 
1 4 6037 6007 6968 6310 
1 5 5992 5986 6310 6028 2969 
1 3 6110 5906 5901 
1 6 10566 10480 10483 10558 10554 10551 
1 2 10480 10563 
1 3 10555 10557 10483 
1 10 10656 10652 10648 10655 10654 10649 10662 10639 10634 10624 
1 2 10657 10655 
1 6 10643 6777 9834 10624 10622 10609 
1 5 10621 10623 10632 10642 10649 
1 5 10662 10637 10629 10631 10639 
1 5 10588 10592 8673 10586 10582 
1 2 10569 10573 
1 4 10550 10552 10479 10557 
1 3 10481 10559 10558 
1 3 10568 10562 10559 
1 7 10623 10613 10601 10594 10585 10579 10574 
1 2 10587 10487 
1 3 6737 6740 6804 
1 2 10779 10776 
1 4 8141 8139 8186 8124 
1 2 8186 8138 
1 6 8191 8195 8207 8198 8199 8213 
1 2 8138 8199 
1 4 5936 5926 962 6087 
1 4 5892 5884 3515 5885 
1 10 5884 5214 5212 5210 5208 6087 6081 990 6068 5209 
1 3 5884 5209 5214 
1 3 5214 6067 6079 
1 2 5226 5224 
1 3 9310 9305 9298 
1 2 8619 9288 
1 9 9260 9255 9253 9251 9236 8601 9213 9223 9228 
1 3 9223 9229 9250 
1 4 9213 9201 9192 9180 
1 8 8601 8602 9206 9192 8596 9174 9171 9182 
1 5 9206 9199 9214 9191 779 
1 2 9217 9199 
1 2 9147 9145 
1 5 9146 9149 8589 9163 8592 
1 9 8463 8493 8527 9162 8595 9204 9215 9234 9254 
1 2 8489 8493 
1 3 8464 8466 8463 
1 5 8334 8340 8342 8360 8369 
1 4 8360 8353 8351 8334 
1 3 8353 8358 8365 
1 3 8365 8352 8358 
1 19 8386 8395 8391 8402 8160 8393 8161 8382 8381 8158 8346 8344 8338 8354 8370 8390 8378 8367 8369 
1 4 8369 8374 8378 8393 
1 6 8378 8388 8384 8373 8385 8395 
1 2 8370 8158 
1 2 8384 8402 
1 2 8390 8382 
1 7 8382 8448 8459 8380 8482 8389 8524 
1 8 8459 8473 1121 8468 8491 8518 8533 8403 
1 4 8468 8481 8515 8403 
1 6 8533 8555 8547 8542 8532 8525 
1 5 8547 8549 8557 8405 8546 
1 2 8546 8549 
1 2 8474 8389 
1 5 8380 8446 8432 8416 8419 
1 7 8592 9188 9198 9209 9222 9225 9228 
1 3 8592 9170 8595 
1 2 9215 9209 
1 4 9243 9242 9239 9254 
1 3 9239 9231 9222 
1 2 9231 9243 
1 4 9258 8610 9262 9254 
1 3 8610 9273 9281 
1 4 7727 15327 15352 15371 
