1 2 
1 39 
1 47 
1 63 
1 64 
1 66 
1 74 
1 75 
1 97 
1 139 
1 157 
1 158 
1 173 
1 188 
1 221 
1 226 
1 230 
1 243 
1 246 
1 252 
1 261 
1 263 
1 267 
1 271 
1 329 
1 339 
1 351 
1 354 
1 361 
1 369 
1 371 
1 385 
1 390 
1 392 
1 399 
1 415 
1 420 
1 452 
1 472 
1 481 
1 484 
1 499 
1 504 
1 507 
1 513 
1 516 
1 524 
1 525 
1 529 
1 530 
1 531 
1 538 
1 542 
1 543 
1 559 
1 563 
1 569 
1 577 
1 589 
1 599 
1 607 
1 616 
1 624 
1 641 
1 644 
1 647 
1 655 
1 661 
1 662 
1 665 
1 691 
1 704 
1 708 
1 715 
1 718 
1 743 
1 753 
1 783 
1 786 
1 788 
1 791 
1 792 
1 796 
1 798 
1 805 
1 833 
1 840 
1 842 
1 864 
1 872 
1 874 
1 877 
1 881 
1 888 
1 900 
1 913 
1 949 
1 954 
1 956 
1 962 
1 963 
1 964 
1 978 
1 979 
1 985 
1 990 
1 1003 
1 1006 
1 1011 
1 1017 
1 1025 
1 1037 
1 1043 
1 1044 
1 1047 
1 1055 
1 1074 
1 1079 
1 1080 
1 1085 
1 1088 
1 1091 
1 1107 
1 1118 
1 1128 
1 1134 
1 1138 
1 1140 
1 1142 
1 1144 
1 1165 
1 1263 
1 1325 
1 1332 
1 1340 
1 1343 
1 1348 
1 1352 
1 1358 
1 1367 
1 1386 
1 1396 
1 1400 
1 1403 
1 1404 
1 1413 
1 1418 
1 1433 
1 1447 
1 1455 
1 1481 
1 1486 
1 1488 
1 1492 
1 1506 
1 1527 
1 1534 
1 1537 
1 1538 
1 1550 
1 1567 
1 1571 
1 1579 
1 1585 
1 1618 
1 1621 
1 1624 
1 1628 
1 1637 
1 1638 
1 1648 
1 1652 
1 1655 
1 1663 
1 1664 
1 1676 
1 1677 
1 1678 
1 1686 
1 1708 
1 1710 
1 1714 
1 1719 
1 1724 
1 1729 
1 1730 
1 1738 
1 1739 
1 1748 
1 1769 
1 1771 
1 1772 
1 1778 
1 1783 
1 1785 
1 1811 
1 1818 
1 1820 
1 1824 
1 1830 
1 1839 
1 1846 
1 1853 
1 1876 
1 1879 
1 1880 
1 1882 
1 1884 
1 1895 
1 1899 
1 1916 
1 1921 
1 1937 
1 1950 
1 1956 
1 1972 
1 1980 
1 1982 
1 1986 
1 1989 
1 1990 
1 2001 
1 2008 
1 2009 
1 2011 
1 2017 
1 2020 
1 2024 
1 2037 
1 2043 
1 2057 
1 2058 
1 2060 
1 2067 
1 2088 
1 2096 
1 2097 
1 2100 
1 2102 
1 2108 
1 2116 
1 2118 
1 2130 
1 2131 
1 2132 
1 2137 
1 2147 
1 2148 
1 2156 
1 2162 
1 2170 
1 2176 
1 2181 
1 2182 
1 2183 
1 2184 
1 2196 
1 2208 
1 2215 
1 2223 
1 2230 
1 2237 
1 2238 
1 2240 
1 2244 
1 2246 
1 2260 
1 2263 
1 2265 
1 2274 
1 2280 
1 2291 
1 2297 
1 2304 
1 2309 
1 2311 
1 2314 
1 2316 
1 2319 
1 2324 
1 2326 
1 2335 
1 2341 
1 2350 
1 2353 
1 2355 
1 2360 
1 2375 
1 2381 
1 2388 
1 2395 
1 2397 
1 2398 
1 2408 
1 2442 
1 2443 
1 2447 
1 2453 
1 2470 
1 2489 
1 2494 
1 2504 
1 2509 
1 2510 
1 2511 
1 2534 
1 2541 
1 2559 
1 2562 
1 2573 
1 2579 
1 2588 
1 2591 
1 2594 
1 2598 
1 2603 
1 2604 
1 2614 
1 2620 
1 2634 
1 2638 
1 2639 
1 2642 
1 2644 
1 2646 
1 2649 
1 2670 
1 2671 
1 2681 
1 2682 
1 2684 
1 2692 
1 2698 
1 2704 
1 2708 
1 2730 
1 2732 
1 2734 
1 2737 
1 2754 
1 2756 
1 2761 
1 2771 
1 2780 
1 2788 
1 2794 
1 2799 
1 2808 
1 2809 
1 2810 
1 2817 
1 2827 
1 2829 
1 2832 
1 2852 
1 2854 
1 2855 
1 2862 
1 2868 
1 2887 
1 2891 
1 2902 
1 2908 
1 2910 
1 2932 
1 2935 
1 2938 
1 2941 
1 2944 
1 2953 
1 2966 
1 2973 
1 2977 
1 2980 
1 2994 
1 3008 
1 3013 
1 3015 
1 3026 
1 3030 
1 3041 
1 3059 
1 3063 
1 3105 
1 3115 
1 3136 
1 3140 
1 3159 
1 3161 
1 3169 
1 3174 
1 3175 
1 3176 
1 3210 
1 3213 
1 3214 
1 3232 
1 3233 
1 3238 
1 3239 
1 3244 
1 3245 
1 3255 
1 3261 
1 3275 
1 3278 
1 3279 
1 3281 
1 3285 
1 3293 
1 3303 
1 3308 
1 3320 
1 3328 
1 3349 
1 3350 
1 3352 
1 3354 
1 3380 
1 3383 
1 3391 
1 3397 
1 3399 
1 3412 
1 3413 
1 3418 
1 3420 
1 3441 
1 3443 
1 3457 
1 3458 
1 3463 
1 3470 
1 3472 
1 3489 
1 3501 
1 3504 
1 3514 
1 3515 
1 3518 
1 3520 
1 3546 
1 3549 
1 3550 
1 3555 
1 3564 
1 3566 
1 3568 
1 3571 
1 3582 
1 3591 
1 3595 
1 3601 
1 3603 
1 3614 
1 3641 
1 3651 
1 3665 
1 3674 
1 3676 
1 3679 
1 3693 
1 3697 
1 3715 
1 3716 
1 3718 
1 3730 
1 3733 
1 3740 
1 3757 
1 3761 
1 3770 
1 3780 
1 3793 
1 3809 
1 3814 
1 3818 
1 3823 
1 3829 
1 3833 
1 3860 
1 3862 
1 3866 
1 3885 
1 3889 
1 3902 
1 3919 
1 3935 
1 3936 
1 3947 
1 3961 
1 3981 
1 3987 
1 4007 
1 4016 
1 4017 
1 4024 
1 4036 
1 4037 
1 4041 
1 4043 
1 4044 
1 4047 
1 4059 
1 4065 
1 4066 
1 4071 
1 4074 
1 4079 
1 4084 
1 4089 
1 4090 
1 4101 
1 4109 
1 4140 
1 4143 
1 4149 
1 4150 
1 4155 
1 4162 
1 4163 
1 4164 
1 4193 
1 4219 
1 4222 
1 4226 
1 4227 
1 4243 
1 4247 
1 4253 
1 4256 
1 4259 
1 4283 
1 4290 
1 4301 
1 4307 
1 4315 
1 4325 
1 4326 
1 4355 
1 4368 
1 4370 
1 4373 
1 4374 
1 4378 
1 4388 
1 4389 
1 4408 
1 4423 
1 4425 
1 4431 
1 4433 
1 4434 
1 4449 
1 4457 
1 4461 
1 4466 
1 4481 
1 4516 
1 4519 
1 4526 
1 4532 
1 4533 
1 4544 
1 4546 
1 4553 
1 4568 
1 4574 
1 4578 
1 4582 
1 4591 
1 4595 
1 4618 
1 4621 
1 4632 
1 4638 
1 4643 
1 4650 
1 4652 
1 4656 
1 4660 
1 4663 
1 4666 
1 4686 
1 4694 
1 4697 
1 4708 
1 4709 
1 4715 
1 4720 
1 4741 
1 4751 
1 4760 
1 4761 
1 4778 
1 4782 
1 4788 
1 4794 
1 4818 
1 4824 
1 4825 
1 4826 
1 4828 
1 4830 
1 4831 
1 4833 
1 4837 
1 4838 
1 4853 
1 4856 
1 4857 
1 4858 
1 4864 
1 4866 
1 4872 
1 4874 
1 4889 
1 4891 
1 4893 
1 4897 
1 4906 
1 4915 
1 4919 
1 4927 
1 4929 
1 4937 
1 4960 
1 4961 
1 4966 
1 4974 
1 4979 
1 4985 
1 4991 
1 5005 
1 5009 
1 5010 
1 5029 
1 5031 
1 5032 
1 5039 
1 5040 
1 5041 
1 5050 
1 5060 
1 5068 
1 5071 
1 5084 
1 5088 
1 5090 
1 5100 
1 5107 
1 5114 
1 5123 
1 5136 
1 5141 
1 5143 
1 5164 
1 5206 
1 5210 
1 5225 
1 5226 
1 5248 
1 5251 
1 5258 
1 5282 
1 5291 
1 5292 
1 5294 
1 5328 
1 5345 
1 5383 
1 5399 
1 5406 
1 5457 
1 5465 
1 5489 
1 5503 
1 5516 
1 5521 
1 5523 
1 5526 
1 5535 
1 5537 
1 5551 
1 5554 
1 5574 
1 5577 
1 5580 
1 5590 
1 5591 
1 5595 
1 5598 
1 5601 
1 5602 
1 5646 
1 5648 
1 5661 
1 5676 
1 5692 
1 5695 
1 5698 
1 5706 
1 5732 
1 5761 
1 5769 
1 5771 
1 5775 
1 5781 
1 5783 
1 5798 
1 5803 
1 5810 
1 5833 
1 5847 
1 5852 
1 5874 
1 5875 
1 5891 
1 5893 
1 5901 
1 5910 
1 5918 
1 5945 
1 5977 
1 5979 
1 5981 
1 5985 
1 5993 
1 5995 
1 6004 
1 6017 
1 6023 
1 6048 
1 6052 
1 6070 
1 6078 
1 6079 
1 6110 
1 6119 
1 6120 
1 6121 
1 6135 
1 6168 
1 6173 
1 6189 
1 6190 
1 6191 
1 6198 
1 6202 
1 6205 
1 6208 
1 6214 
1 6217 
1 6219 
1 6229 
1 6232 
1 6244 
1 6248 
1 6250 
1 6251 
1 6254 
1 6258 
1 6262 
1 6263 
1 6265 
1 6267 
1 6271 
1 6275 
1 6280 
1 6284 
1 6285 
1 6295 
1 6307 
1 6317 
1 6353 
1 6356 
1 6371 
1 6378 
1 6379 
1 6385 
1 6395 
1 6398 
1 6401 
1 6418 
1 6461 
1 6469 
1 6481 
1 6514 
1 6520 
1 6529 
1 6533 
1 6540 
1 6552 
1 6555 
1 6568 
1 6578 
1 6581 
1 6590 
1 6593 
1 6598 
1 6600 
1 6605 
1 6621 
1 6624 
1 6625 
1 6631 
1 6639 
1 6644 
1 6668 
1 6681 
1 6682 
1 6694 
1 6705 
1 6708 
1 6718 
1 6721 
1 6723 
1 6733 
1 6735 
1 6747 
1 6749 
1 6752 
1 6753 
1 6765 
1 6771 
1 6780 
1 6785 
1 6793 
1 6800 
1 6804 
1 6806 
1 6807 
1 6829 
1 6840 
1 6894 
1 6896 
1 6897 
1 6898 
1 6899 
1 6900 
1 6902 
1 6910 
1 6911 
1 6917 
1 6918 
1 6923 
1 6938 
1 6962 
1 6975 
1 6981 
1 6990 
1 7000 
1 7018 
1 7027 
1 7058 
1 7063 
1 7064 
1 7073 
1 7075 
1 7076 
1 7086 
1 7100 
1 7101 
1 7116 
1 7157 
1 7158 
1 7167 
1 7177 
1 7179 
1 7194 
1 7195 
1 7213 
1 7215 
1 7223 
1 7235 
1 7254 
1 7291 
1 7332 
1 7349 
1 7372 
1 7373 
1 7375 
1 7381 
1 7385 
1 7394 
1 7395 
1 7396 
1 7400 
1 7403 
1 7409 
1 7415 
1 7444 
1 7445 
1 7454 
1 7455 
1 7463 
1 7484 
1 7489 
1 7491 
1 7499 
1 7507 
1 7511 
1 7533 
1 7554 
1 7563 
1 7573 
1 7574 
1 7587 
1 7623 
1 7630 
1 7647 
1 7649 
1 7655 
1 7662 
1 7697 
1 7713 
1 7727 
1 7752 
1 7753 
1 7761 
1 7765 
1 7767 
1 7791 
1 7796 
1 7801 
1 7806 
1 7809 
1 7818 
1 7828 
1 7844 
1 7847 
1 7873 
1 7884 
1 7902 
1 7943 
1 7968 
1 7992 
1 7995 
1 7997 
1 8014 
1 8048 
1 8050 
1 8071 
1 8072 
1 8082 
1 8085 
1 8086 
1 8088 
1 8098 
1 8126 
1 8128 
1 8131 
1 8132 
1 8138 
1 8141 
1 8155 
1 8156 
1 8167 
1 8170 
1 8172 
1 8175 
1 8177 
1 8186 
1 8188 
1 8191 
1 8201 
1 8203 
1 8212 
1 8213 
1 8226 
1 8228 
1 8229 
1 8240 
1 8247 
1 8260 
1 8261 
1 8274 
1 8292 
1 8299 
1 8305 
1 8316 
1 8322 
1 8326 
1 8327 
1 8330 
1 8336 
1 8340 
1 8344 
1 8347 
1 8348 
1 8362 
1 8365 
1 8383 
1 8384 
1 8390 
1 8394 
1 8396 
1 8399 
1 8403 
1 8405 
1 8415 
1 8419 
1 8423 
1 8428 
1 8431 
1 8439 
1 8441 
1 8458 
1 8464 
1 8473 
1 8474 
1 8476 
1 8489 
1 8502 
1 8505 
1 8506 
1 8514 
1 8542 
1 8550 
1 8577 
1 8591 
1 8592 
1 8612 
1 8614 
1 8619 
1 8638 
1 8688 
1 8690 
1 8702 
1 8705 
1 8709 
1 8711 
1 8719 
1 8736 
1 8744 
1 8745 
1 8752 
1 8758 
1 8760 
1 8785 
1 8786 
1 8788 
1 8793 
1 8796 
1 8802 
1 8819 
1 8821 
1 8834 
1 8837 
1 8848 
1 8849 
1 8853 
1 8863 
1 8873 
1 8881 
1 8892 
1 8894 
1 8902 
1 8904 
1 8906 
1 8912 
1 8925 
1 8930 
1 8932 
1 8966 
1 8979 
1 8982 
1 8988 
1 9001 
1 9030 
1 9040 
1 9052 
1 9066 
1 9089 
1 9093 
1 9098 
1 9121 
1 9141 
1 9146 
1 9147 
1 9169 
1 9174 
1 9176 
1 9177 
1 9180 
1 9185 
1 9200 
1 9202 
1 9203 
1 9211 
1 9217 
1 9226 
1 9229 
1 9238 
1 9243 
1 9249 
1 9250 
1 9253 
1 9254 
1 9260 
1 9273 
1 9274 
1 9277 
1 9310 
1 9314 
1 9318 
1 9322 
1 9346 
1 9354 
1 9368 
1 9370 
1 9372 
1 9400 
1 9432 
1 9434 
1 9436 
1 9437 
1 9462 
1 9488 
1 9489 
1 9497 
1 9501 
1 9518 
1 9521 
1 9522 
1 9538 
1 9541 
1 9542 
1 9556 
1 9557 
1 9564 
1 9574 
1 9578 
1 9598 
1 9604 
1 9615 
1 9620 
1 9623 
1 9629 
1 9633 
1 9634 
1 9640 
1 9652 
1 9656 
1 9663 
1 9668 
1 9676 
1 9679 
1 9694 
1 9701 
1 9714 
1 9743 
1 9764 
1 9775 
1 9788 
1 9798 
1 9815 
1 9817 
1 9819 
1 9822 
1 9827 
1 9836 
1 9873 
1 9893 
1 9894 
1 9899 
1 9904 
1 9906 
1 9913 
1 9939 
1 9964 
1 9965 
1 9968 
1 9976 
1 9982 
1 9987 
1 9997 
1 10011 
1 10020 
1 10034 
1 10043 
1 10053 
1 10060 
1 10068 
1 10072 
1 10074 
1 10081 
1 10084 
1 10089 
1 10097 
1 10102 
1 10118 
1 10128 
1 10136 
1 10140 
1 10159 
1 10160 
1 10161 
1 10173 
1 10177 
1 10181 
1 10194 
1 10204 
1 10213 
1 10235 
1 10246 
1 10261 
1 10277 
1 10318 
1 10324 
1 10335 
1 10348 
1 10362 
1 10363 
1 10365 
1 10386 
1 10391 
1 10393 
1 10406 
1 10410 
1 10415 
1 10417 
1 10421 
1 10425 
1 10427 
1 10436 
1 10441 
1 10446 
1 10447 
1 10451 
1 10454 
1 10459 
1 10464 
1 10471 
1 10475 
1 10485 
1 10495 
1 10496 
1 10499 
1 10503 
1 10504 
1 10514 
1 10515 
1 10517 
1 10524 
1 10525 
1 10533 
1 10538 
1 10539 
1 10543 
1 10545 
1 10549 
1 10552 
1 10555 
1 10559 
1 10563 
1 10565 
1 10568 
1 10569 
1 10578 
1 10587 
1 10588 
1 10594 
1 10605 
1 10607 
1 10612 
1 10621 
1 10634 
1 10637 
1 10643 
1 10648 
1 10660 
1 10694 
1 10695 
1 10707 
1 10709 
1 10711 
1 10719 
1 10723 
1 10726 
1 10730 
1 10735 
1 10738 
1 10745 
1 10747 
1 10752 
1 10767 
1 10776 
1 10777 
1 10779 
1 10782 
1 10787 
1 10801 
1 10814 
1 10834 
1 10865 
1 10867 
1 10868 
1 10873 
1 10889 
1 10911 
1 10918 
1 10924 
1 10925 
1 10930 
1 10952 
1 10970 
1 10983 
1 10988 
1 10995 
1 10999 
1 11003 
1 11009 
1 11017 
1 11022 
1 11027 
1 11031 
1 11034 
1 11055 
1 11059 
1 11083 
1 11098 
1 11101 
1 11115 
1 11122 
1 11131 
1 11148 
1 11165 
1 11178 
1 11190 
1 11191 
1 11193 
1 11195 
1 11218 
1 11221 
1 11233 
1 11239 
1 11245 
1 11251 
1 11270 
1 11282 
1 11286 
1 11287 
1 11296 
1 11301 
1 11316 
1 11326 
1 11334 
1 11336 
1 11352 
1 11353 
1 11362 
1 11364 
1 11371 
1 11375 
1 11377 
1 11380 
1 11387 
1 11392 
1 11393 
1 11417 
1 11418 
1 11421 
1 11423 
1 11431 
1 11454 
1 11459 
1 11465 
1 11468 
1 11477 
1 11494 
1 11495 
1 11500 
1 11508 
1 11512 
1 11514 
1 11519 
1 11524 
1 11526 
1 11528 
1 11533 
1 11546 
1 11562 
1 11573 
1 11575 
1 11592 
1 11598 
1 11601 
1 11633 
1 11648 
1 11656 
1 11668 
1 11698 
1 11700 
1 11702 
1 11727 
1 11737 
1 11739 
1 11741 
1 11759 
1 11760 
1 11768 
1 11781 
1 11797 
1 11801 
1 11827 
1 11841 
1 11872 
1 11880 
1 11913 
1 11920 
1 11927 
1 11929 
1 11973 
1 11975 
1 11989 
1 11997 
1 12007 
1 12014 
1 12023 
1 12042 
1 12044 
1 12047 
1 12049 
1 12058 
1 12067 
1 12068 
1 12083 
1 12099 
1 12113 
1 12120 
1 12124 
1 12147 
1 12175 
1 12183 
1 12227 
1 12230 
1 12234 
1 12235 
1 12241 
1 12244 
1 12249 
1 12251 
1 12255 
1 12280 
1 12315 
1 12318 
1 12319 
1 12329 
1 12334 
1 12341 
1 12371 
1 12372 
1 12382 
1 12406 
1 12407 
1 12414 
1 12439 
1 12444 
1 12453 
1 12456 
1 12461 
1 12474 
1 12475 
1 12479 
1 12483 
1 12523 
1 12549 
1 12560 
1 12562 
1 12563 
1 12575 
1 12576 
1 12578 
1 12592 
1 12594 
1 12614 
1 12634 
1 12635 
1 12641 
1 12647 
1 12650 
1 12660 
1 12681 
1 12684 
1 12691 
1 12698 
1 12707 
1 12708 
1 12713 
1 12725 
1 12743 
1 12753 
1 12754 
1 12761 
1 12770 
1 12785 
1 12792 
1 12797 
1 12814 
1 12830 
1 12831 
1 12837 
1 12839 
1 12852 
1 12856 
1 12863 
1 12871 
1 12872 
1 12883 
1 12910 
1 12915 
1 12923 
1 12926 
1 12932 
1 12941 
1 12945 
1 12947 
1 12964 
1 12985 
1 12999 
1 13006 
1 13016 
1 13023 
1 13033 
1 13038 
1 13042 
1 13050 
1 13051 
1 13075 
1 13081 
1 13090 
1 13099 
1 13100 
1 13112 
1 13116 
1 13140 
1 13152 
1 13166 
1 13176 
1 13187 
1 13193 
1 13194 
1 13221 
1 13228 
1 13232 
1 13240 
1 13248 
1 13273 
1 13276 
1 13277 
1 13285 
1 13287 
1 13292 
1 13300 
1 13303 
1 13304 
1 13306 
1 13324 
1 13326 
1 13334 
1 13335 
1 13345 
1 13382 
1 13393 
1 13394 
1 13403 
1 13404 
1 13407 
1 13421 
1 13425 
1 13438 
1 13443 
1 13444 
1 13450 
1 13457 
1 13459 
1 13470 
1 13478 
1 13485 
1 13498 
1 13499 
1 13505 
1 13513 
1 13514 
1 13519 
1 13531 
1 13535 
1 13542 
1 13544 
1 13553 
1 13554 
1 13562 
1 13566 
1 13572 
1 13577 
1 13578 
1 13580 
1 13581 
1 13595 
1 13603 
1 13609 
1 13610 
1 13647 
1 13655 
1 13671 
1 13674 
1 13704 
1 13706 
1 13712 
1 13721 
1 13730 
1 13738 
1 13745 
1 13748 
1 13752 
1 13756 
1 13757 
1 13758 
1 13759 
1 13763 
1 13767 
1 13771 
1 13788 
1 13792 
1 13802 
1 13807 
1 13813 
1 13824 
1 13828 
1 13829 
1 13832 
1 13835 
1 13841 
1 13851 
1 13852 
1 13857 
1 13862 
1 13867 
1 13875 
1 13883 
1 13911 
1 13915 
1 13916 
1 13920 
1 13922 
1 13926 
1 13934 
1 13936 
1 13959 
1 13967 
1 13989 
1 13994 
1 14000 
1 14009 
1 14010 
1 14012 
1 14030 
1 14037 
1 14047 
1 14053 
1 14055 
1 14056 
1 14058 
1 14070 
1 14080 
1 14086 
1 14087 
1 14092 
1 14095 
1 14107 
1 14110 
1 14122 
1 14124 
1 14125 
1 14127 
1 14143 
1 14171 
1 14173 
1 14184 
1 14185 
1 14188 
1 14191 
1 14192 
1 14202 
1 14214 
1 14216 
1 14221 
1 14244 
1 14245 
1 14250 
1 14261 
1 14294 
1 14301 
1 14302 
1 14309 
1 14322 
1 14335 
1 14339 
1 14340 
1 14342 
1 14347 
1 14355 
1 14383 
1 14384 
1 14385 
1 14392 
1 14397 
1 14415 
1 14422 
1 14426 
1 14436 
1 14443 
1 14447 
1 14450 
1 14455 
1 14474 
1 14482 
1 14485 
1 14495 
1 14498 
1 14506 
1 14519 
1 14521 
1 14522 
1 14526 
1 14530 
1 14541 
1 14550 
1 14567 
1 14568 
1 14574 
1 14586 
1 14593 
1 14611 
1 14612 
1 14624 
1 14625 
1 14630 
1 14636 
1 14644 
1 14651 
1 14654 
1 14670 
1 14698 
1 14699 
1 14723 
1 14730 
1 14749 
1 14764 
1 14776 
1 14784 
1 14801 
1 14811 
1 14835 
1 14838 
1 14839 
1 14864 
1 14875 
1 14878 
1 14890 
1 14892 
1 14919 
1 14934 
1 14935 
1 14937 
1 14951 
1 14973 
1 14980 
1 14993 
1 15004 
1 15011 
1 15027 
1 15053 
1 15066 
1 15067 
1 15070 
1 15073 
1 15082 
1 15083 
1 15098 
1 15101 
1 15113 
1 15120 
1 15132 
1 15133 
1 15134 
1 15140 
1 15142 
1 15149 
1 15162 
1 15163 
1 15166 
1 15171 
1 15175 
1 15179 
1 15189 
1 15195 
1 15202 
1 15204 
1 15207 
1 15211 
1 15213 
1 15215 
1 15222 
1 15230 
1 15231 
1 15234 
1 15243 
1 15246 
1 15248 
1 15265 
1 15277 
1 15296 
1 15320 
1 15344 
1 15357 
1 15359 
1 15367 
1 15392 
1 15400 
1 15412 
1 15434 
1 15454 
1 15458 
1 15465 
1 15472 
1 15476 
1 15483 
1 15484 
1 15486 
1 15488 
1 15491 
1 15496 
1 15498 
1 15504 
1 15510 
1 15533 
1 15542 
1 15560 
1 15566 
1 15567 
1 15569 
1 15571 
1 15585 
1 15595 
1 15599 
1 15615 
1 15626 
1 15632 
1 15640 
1 15652 
1 15658 
1 15675 
1 15680 
1 15697 
1 15709 
1 15714 
1 15730 
1 15732 
1 15733 
1 15749 
1 15752 
1 15767 
1 15773 
1 15801 
1 15814 
1 15829 
1 15832 
1 15833 
1 15842 
1 15846 
1 15847 
1 15867 
1 15873 
1 15879 
1 15888 
1 15890 
1 15891 
1 15898 
1 15901 
1 15904 
1 15908 
1 15937 
1 15943 
1 15959 
1 15969 
1 15970 
1 15985 
1 15989 
1 16012 
1 16019 
1 16022 
1 16024 
1 16033 
1 16039 
