
state={
	id=1049
	name="STATE_1049"

	history={
		buildings = {
			infrastructure = 4

		}

	}

	provinces={
		177 192 214 260 396 765 883 898 924 931 939 941 965 970 972 1018 1027 1035 1040 1051 1104 1158 1170 1203 1209 1326 1327 2193 2200 2228 2264 2269 2286 2351 2357 2363 2367 2369 2419 2420 2425 2429 2430 2432 2433 2434 2435 2436 2437 2439 2445 2464 2473 2477 2478 2483 2507 2514 2521 2526 2527 2533 2536 2537 2543 2545 2552 2553 2577 2578 2586 2648 2696 2713 2720 2729 2742 2795 2797 2803 2811 2830 2834 2835 2839 2843 2853 2860 2861 2863 2867 2879 2888 2906 2914 2916 2917 2920 2923 2924 2925 2926 2927 2929 2930 3024 3706 3739 3758 3774 3775 3962 3963 3973 4367 4599 4659 4786 4795 4800 4803 4804 4810 4813 4819 4835 4900 4925 4932 4941 4946 4959 5250 5269 5287 5301 5322 5327 5329 5337 5338 5341 5344 5347 5348 5349 5355 5356 5357 5381 5382 5384 5410 5441 5475 5479 5481 5486 5495 5532 5561 5562 5564 5571 5596 5609 5760 5770 6093 6095 6107 6247 6249 6269 6274 6314 6376 6922 6927 6928 7398 7504 7506 7515 7721 7747 7848 7849 8149 8151 8193 8196 9160 9166 9410 9422 10395 10992 15273 15275 15279 15280 15281 15282 15283 15286 15287 15289 15290 15291 15293 15294 15295 15297 15299 15301 15302 15303 15305 15306 15307 15308 15309 15314 15315 15317 15318 15319 15323 15325 15328 15329 15330 15331 15333 15334 15338 15339 15343 15346 15347 15350 15353 15354 15355 15356 15358 15362 15363 15364 15366 15369 15372 15373 15375 15376 15377 15378 15379 15384 15385 15386 15387 15388 15389 15390 15393 15394 15395 15398 15402 15404 15405 15407 15408 15409 15410 15413 15415 15417 15418 15419 15420 15424 15426 15427 15429 15431 15432 15435 15438 15439 15440 15443 15445 15446 15448 15451 15452 15453 15457 15459 15461 15462 15463 15464 15467 15469 15470 15474 15477 15492 15493 15494 15495 15497 15499 15500 15501 15503 15505 15506 15507 15508 
	}
	manpower=25
	buildings_max_level_factor=1.000
	state_category=building_slots_0
	local_supplies=0.000
}
